6 0.275240 0.252404 0.177885 0.153846
1 0.758413 0.018029 0.108173 0.036058
4 0.830529 0.040865 0.108173 0.081731
1 0.830529 0.171875 0.064904 0.062500
1 0.703125 0.225962 0.043269 0.043269
5 0.861779 0.116587 0.105769 0.096154
1 0.688702 0.245192 0.062500 0.057692
3 0.753606 0.131010 0.088942 0.081731
1 0.734375 0.171875 0.062500 0.060096
1 0.768029 0.233173 0.048077 0.050481
1 0.794471 0.205529 0.060096 0.057692
1 0.721154 0.192308 0.055288 0.057692
1 0.748798 0.256010 0.043269 0.043269
1 0.723558 0.278846 0.033654 0.033654
4 0.134615 0.668269 0.139423 0.139423
3 0.344952 0.842548 0.170673 0.168269
1 0.453125 0.919471 0.045673 0.156250
3 0.943510 0.723558 0.108173 0.120192
1 0.954327 0.787260 0.086538 0.103365
1 0.662260 0.669471 0.052885 0.052885
1 0.865385 0.752404 0.098558 0.103365
1 0.780048 0.716346 0.074519 0.074519
1 0.935096 0.832933 0.086538 0.091346
1 0.651442 0.631010 0.045673 0.045673
1 0.981971 0.868990 0.031250 0.112981
1 0.872596 0.800481 0.079327 0.084135
1 0.861779 0.688702 0.091346 0.091346
1 0.805288 0.670673 0.081731 0.084135
1 0.747596 0.655048 0.072115 0.072115
1 0.718750 0.693510 0.064904 0.064904
1 0.688702 0.640625 0.050481 0.052885
1 0.798077 0.759615 0.067308 0.069712
