1 0.061298 0.198317 0.057692 0.091346
1 0.024038 0.336538 0.048077 0.057692
1 0.787260 0.316106 0.024038 0.028846
3 0.766827 0.058894 0.062500 0.108173
4 0.733173 0.177885 0.043269 0.057692
1 0.806490 0.324519 0.019231 0.021635
1 0.787260 0.361779 0.016827 0.007212
1 0.838942 0.332933 0.012019 0.016827
1 0.846154 0.361779 0.014423 0.007212
3 0.793269 0.167067 0.048077 0.074519
1 0.828125 0.302885 0.026442 0.036058
3 0.227163 0.794471 0.180288 0.175481
4 0.411058 0.858173 0.117788 0.103365
1 0.501202 0.889423 0.069712 0.105769
1 0.312500 0.926683 0.103365 0.079327
1 0.330529 0.967548 0.093750 0.060096
4 0.118990 0.550481 0.237981 0.322115
3 0.057692 0.691106 0.115385 0.286058
3 0.861779 0.516827 0.271635 0.298077
1 0.575721 0.954327 0.074519 0.086538
1 0.658654 0.974760 0.134615 0.045673
3 0.961538 0.639423 0.072115 0.177885
