4 0.510817 0.373798 0.137019 0.026442
1 0.199519 0.104567 0.038462 0.028846
3 0.364183 0.236779 0.096154 0.069712
3 0.534856 0.282452 0.141827 0.108173
1 0.252404 0.134615 0.052885 0.040865
4 0.294471 0.173077 0.060096 0.045673
1 0.073317 0.073317 0.016827 0.014423
1 0.125000 0.086538 0.024038 0.021635
1 0.075721 0.100962 0.024038 0.014423
1 0.090144 0.090144 0.016827 0.016827
1 0.159856 0.093750 0.038462 0.028846
1 0.044471 0.784856 0.028846 0.031250
3 0.094952 0.736779 0.045673 0.048077
4 0.118990 0.777644 0.040865 0.048077
1 0.532452 0.415865 0.132212 0.052885
