1 0.304087 0.038462 0.045673 0.048077
1 0.343750 0.225962 0.086538 0.115385
1 0.284856 0.015625 0.055288 0.031250
3 0.340144 0.143029 0.093750 0.093750
2 0.312500 0.096154 0.086538 0.081731
4 0.852163 0.225962 0.170673 0.158654
1 0.966346 0.141827 0.062500 0.163462
4 0.912260 0.385817 0.170673 0.103365
1 0.022837 0.564904 0.045673 0.052885
1 0.015625 0.756010 0.031250 0.084135
1 0.006010 0.493990 0.012019 0.031250
1 0.495192 0.522837 0.057692 0.055288
1 0.502404 0.606971 0.062500 0.055288
5 0.544471 0.588942 0.069712 0.057692
5 0.664663 0.551683 0.286058 0.223558
