1 0.289663 0.032452 0.108173 0.064904
4 0.730769 0.319712 0.221154 0.221154
1 0.597356 0.012019 0.093750 0.024038
3 0.560096 0.063702 0.144231 0.127404
4 0.552885 0.353365 0.225962 0.168269
3 0.513221 0.223558 0.146635 0.163462
4 0.111779 0.859375 0.112981 0.112981
2 0.108173 0.617788 0.062500 0.062500
2 0.111779 0.725962 0.088942 0.091346
2 0.102163 0.670673 0.064904 0.062500
1 0.102163 0.570913 0.060096 0.060096
1 0.096154 0.502404 0.043269 0.043269
1 0.100962 0.538462 0.062500 0.062500
3 0.763221 0.867788 0.175481 0.173077
1 0.799279 0.713942 0.127404 0.125000
3 0.926683 0.472356 0.093750 0.064904
1 0.858173 0.819712 0.168269 0.168269
4 0.883413 0.461538 0.079327 0.043269
2 0.830529 0.585337 0.117788 0.117788
1 0.802885 0.971154 0.264423 0.052885
1 0.894231 0.610577 0.125000 0.125000
