1 0.069712 0.192308 0.115385 0.129808
1 0.024038 0.378606 0.048077 0.055288
1 0.092548 0.337740 0.112981 0.108173
1 0.641827 0.061298 0.052885 0.045673
1 0.688702 0.115385 0.036058 0.038462
1 0.573317 0.158654 0.031250 0.024038
2 0.628606 0.128606 0.050481 0.040865
1 0.544471 0.180288 0.021635 0.024038
1 0.514423 0.193510 0.019231 0.021635
4 0.051683 0.885817 0.103365 0.088942
1 0.014423 0.942308 0.028846 0.057692
1 0.961538 0.747596 0.072115 0.125000
3 0.912260 0.872596 0.108173 0.086538
1 0.787260 0.987981 0.060096 0.019231
3 0.834135 0.963942 0.072115 0.067308
