1 0.686298 0.015625 0.103365 0.031250
3 0.741587 0.140625 0.132212 0.156250
5 0.080529 0.626202 0.098558 0.103365
4 0.210337 0.570913 0.069712 0.069712
3 0.241587 0.704327 0.079327 0.081731
1 0.308894 0.518029 0.026442 0.026442
1 0.372596 0.491587 0.019231 0.016827
1 0.383413 0.486779 0.007212 0.016827
4 0.450721 0.473558 0.122596 0.211538
3 0.783654 0.588942 0.153846 0.153846
4 0.617788 0.462740 0.149038 0.141827
3 0.717548 0.399038 0.112981 0.105769
1 0.966346 0.489183 0.057692 0.084135
1 0.990385 0.424279 0.014423 0.045673
