4 0.264423 0.548077 0.038462 0.014423
3 0.240385 0.544471 0.052885 0.021635
1 0.225962 0.522837 0.052885 0.060096
2 0.126202 0.539663 0.060096 0.026442
1 0.194712 0.495192 0.062500 0.076923
3 0.056490 0.512019 0.088942 0.081731
5 0.133413 0.460337 0.093750 0.103365
1 0.296875 0.087740 0.180288 0.175481
3 0.534856 0.361779 0.233173 0.319712
4 0.766827 0.467548 0.197115 0.175481
4 0.626202 0.489183 0.228365 0.132212
4 0.471154 0.436298 0.110577 0.237981
1 0.235577 0.915865 0.019231 0.024038
1 0.050481 0.770433 0.062500 0.069712
4 0.186298 0.879808 0.026442 0.033654
1 0.260817 0.906250 0.026442 0.028846
1 0.262019 0.943510 0.019231 0.021635
1 0.191106 0.847356 0.036058 0.040865
5 0.331731 0.951923 0.024038 0.024038
1 0.306490 0.956731 0.031250 0.033654
4 0.617788 0.649038 0.192308 0.182692
