4 0.282452 0.256010 0.170673 0.170673
4 0.370192 0.295673 0.134615 0.139423
3 0.317308 0.063702 0.129808 0.127404
3 0.371394 0.120192 0.112981 0.115385
2 0.381010 0.033654 0.069712 0.067308
1 0.959135 0.347356 0.076923 0.112981
1 0.906250 0.145433 0.110577 0.112981
1 0.975962 0.252404 0.043269 0.076923
1 0.921875 0.221154 0.122596 0.115385
1 0.975962 0.203125 0.043269 0.122596
4 0.415865 0.651442 0.062500 0.067308
1 0.432692 0.712740 0.072115 0.074519
1 0.495192 0.764423 0.043269 0.057692
1 0.364183 0.608173 0.088942 0.096154
1 0.468750 0.703125 0.043269 0.055288
1 0.503606 0.740385 0.026442 0.057692
1 0.981971 0.573317 0.026442 0.055288
