1 0.043269 0.165865 0.038462 0.043269
4 0.925481 0.219952 0.144231 0.170673
1 0.368990 0.800481 0.055288 0.201923
1 0.381010 0.879808 0.031250 0.139423
2 0.250000 0.665865 0.120192 0.129808
5 0.176683 0.516827 0.088942 0.072115
5 0.141827 0.538462 0.076923 0.067308
1 0.111779 0.445913 0.060096 0.064904
5 0.070913 0.465144 0.069712 0.055288
5 0.064904 0.395433 0.052885 0.040865
5 0.028846 0.411058 0.057692 0.043269
5 0.031250 0.376202 0.062500 0.074519
3 0.653846 0.719952 0.153846 0.175481
2 0.829327 0.641827 0.298077 0.269231
4 0.772837 0.504808 0.237981 0.269231
4 0.688702 0.396635 0.218750 0.120192
