1 0.370192 0.088942 0.052885 0.177885
1 0.322115 0.277644 0.129808 0.127404
4 0.022837 0.224760 0.045673 0.060096
4 0.222356 0.246394 0.098558 0.098558
1 0.060096 0.234375 0.096154 0.093750
3 0.090144 0.096154 0.088942 0.091346
4 0.153846 0.245192 0.081731 0.081731
4 0.850962 0.420673 0.144231 0.139423
4 0.590144 0.294471 0.127404 0.127404
1 0.537260 0.228365 0.117788 0.115385
4 0.468750 0.280048 0.081731 0.084135
1 0.935096 0.155048 0.125000 0.247596
1 0.667067 0.979567 0.084135 0.036058
4 0.627404 0.923077 0.110577 0.110577
4 0.849760 0.685096 0.295673 0.216346
1 0.562500 0.757212 0.139423 0.134615
4 0.532452 0.823317 0.108173 0.108173
