3 0.252404 0.498798 0.139423 0.112981
4 0.197115 0.419471 0.115385 0.108173
2 0.054087 0.356971 0.084135 0.079327
4 0.109375 0.385817 0.093750 0.088942
1 0.014423 0.326923 0.028846 0.081731
2 0.121394 0.441106 0.098558 0.093750
2 0.567308 0.348558 0.057692 0.134615
3 0.713942 0.467548 0.192308 0.175481
3 0.865385 0.383413 0.250000 0.247596
4 0.473558 0.835337 0.125000 0.199519
3 0.677885 0.740385 0.072115 0.067308
3 0.817308 0.753606 0.105769 0.093750
4 0.754808 0.687500 0.115385 0.096154
3 0.567308 0.721154 0.048077 0.043269
4 0.963942 0.698317 0.067308 0.151442
3 0.615385 0.676683 0.086538 0.069712
