3 0.551683 0.199519 0.237981 0.096154
4 0.510817 0.082933 0.228365 0.165865
4 0.420673 0.284856 0.139423 0.074519
5 0.474760 0.635817 0.242788 0.242788
4 0.405048 0.455529 0.170673 0.170673
3 0.407452 0.836538 0.367788 0.317308
3 0.550481 0.911058 0.350962 0.173077
3 0.802885 0.453125 0.048077 0.050481
5 0.774038 0.504808 0.067308 0.067308
3 0.959135 0.436298 0.048077 0.050481
1 0.989183 0.495192 0.016827 0.033654
1 0.747596 0.474760 0.019231 0.074519
1 0.944712 0.548077 0.038462 0.038462
1 0.989183 0.419471 0.016827 0.016827
1 0.991587 0.430288 0.012019 0.024038
1 0.995192 0.415865 0.004808 0.019231
