5 0.270433 0.147837 0.127404 0.098558
5 0.278846 0.043269 0.115385 0.086538
5 0.177885 0.068510 0.115385 0.093750
2 0.109375 0.088942 0.069712 0.062500
5 0.183894 0.153846 0.088942 0.076923
1 0.008413 0.186298 0.016827 0.036058
5 0.128606 0.167067 0.074519 0.060096
4 0.075721 0.167067 0.055288 0.050481
4 0.027644 0.183894 0.055288 0.050481
1 0.682692 0.043269 0.048077 0.086538
4 0.299279 0.722356 0.170673 0.189904
4 0.491587 0.724760 0.324519 0.305288
4 0.500000 0.576923 0.269231 0.293269
3 0.484375 0.433894 0.237981 0.170673
1 0.813702 0.364183 0.141827 0.031250
1 0.914663 0.396635 0.165865 0.096154
