3 0.049279 0.466346 0.098558 0.120192
1 0.240385 0.015625 0.033654 0.031250
1 0.224760 0.080529 0.040865 0.040865
4 0.219952 0.008413 0.036058 0.016827
4 0.030048 0.030048 0.060096 0.060096
1 0.158654 0.295673 0.072115 0.067308
1 0.203125 0.048077 0.040865 0.038462
3 0.038462 0.127404 0.076923 0.076923
5 0.169471 0.175481 0.108173 0.081731
3 0.848558 0.204327 0.072115 0.072115
1 0.927885 0.284856 0.052885 0.055288
5 0.740385 0.082933 0.177885 0.165865
1 0.974760 0.320913 0.040865 0.040865
4 0.346154 0.646635 0.158654 0.235577
2 0.129808 0.622596 0.250000 0.192308
1 0.635817 0.548077 0.088942 0.038462
1 0.705529 0.537260 0.060096 0.016827
1 0.808894 0.668269 0.045673 0.043269
1 0.908654 0.700721 0.024038 0.026442
1 0.986779 0.783654 0.021635 0.024038
