3 0.358173 0.169471 0.278846 0.324519
3 0.088942 0.114183 0.177885 0.228365
3 0.131010 0.146635 0.074519 0.072115
1 0.739183 0.425481 0.151442 0.062500
3 0.841346 0.316106 0.110577 0.112981
1 0.610577 0.419471 0.129808 0.074519
3 0.816106 0.209135 0.074519 0.067308
1 0.736779 0.306490 0.098558 0.088942
3 0.936298 0.165865 0.079327 0.076923
1 0.977163 0.085337 0.040865 0.064904
1 0.897837 0.229567 0.093750 0.093750
2 0.875000 0.140625 0.076923 0.069712
1 0.966346 0.122596 0.052885 0.062500
1 0.920673 0.078125 0.052885 0.050481
1 0.974760 0.016827 0.045673 0.033654
0 0.302885 0.766827 0.206731 0.298077
3 0.412260 0.768029 0.127404 0.165865
5 0.435096 0.671875 0.125000 0.266827
1 0.973558 0.597356 0.048077 0.084135
0 0.948317 0.688702 0.098558 0.112981
3 0.917067 0.811298 0.156250 0.161058
3 0.680288 0.930288 0.177885 0.134615
