4 0.070913 0.051683 0.141827 0.103365
2 0.195913 0.441106 0.146635 0.088942
3 0.147837 0.325721 0.189904 0.175481
4 0.854567 0.176683 0.286058 0.353365
2 0.399038 0.963942 0.067308 0.067308
1 0.375000 0.981971 0.057692 0.031250
1 0.330529 0.903846 0.050481 0.057692
2 0.307692 0.960337 0.072115 0.074519
2 0.328125 0.768029 0.064904 0.074519
1 0.306490 0.814904 0.069712 0.081731
1 0.266827 0.843750 0.033654 0.028846
1 0.289663 0.620192 0.088942 0.105769
1 0.217548 0.768029 0.088942 0.103365
1 0.221154 0.586538 0.110577 0.120192
4 0.131010 0.534856 0.175481 0.093750
2 0.883413 0.935096 0.060096 0.067308
1 0.856971 0.832933 0.103365 0.098558
3 0.784856 0.564904 0.165865 0.153846
