1 0.878606 0.099760 0.060096 0.055288
4 0.534856 0.223558 0.137019 0.129808
4 0.459135 0.055288 0.144231 0.110577
1 0.902644 0.026442 0.045673 0.043269
1 0.974760 0.021635 0.036058 0.033654
5 0.796875 0.080529 0.079327 0.074519
1 0.948317 0.012019 0.040865 0.024038
1 0.991587 0.012019 0.012019 0.024038
3 0.163462 0.735577 0.235577 0.245192
4 0.296875 0.917067 0.180288 0.161058
1 0.038462 0.747596 0.076923 0.197115
3 0.805288 0.950721 0.125000 0.088942
5 0.588942 0.740385 0.168269 0.168269
5 0.711538 0.838942 0.274038 0.250000
