6 0.427885 0.182692 0.139423 0.139423
1 0.326923 0.010817 0.081731 0.021635
3 0.251202 0.033654 0.098558 0.067308
3 0.169471 0.419471 0.338942 0.391827
1 0.957933 0.169471 0.079327 0.108173
3 0.840144 0.134615 0.112981 0.110577
1 0.873798 0.014423 0.084135 0.028846
4 0.917067 0.062500 0.079327 0.076923
3 0.457933 0.698317 0.213942 0.161058
3 0.423077 0.895433 0.283654 0.204327
3 0.713942 0.908654 0.076923 0.091346
3 0.640625 0.950721 0.098558 0.093750
1 0.844952 0.653846 0.026442 0.033654
3 0.792067 0.948317 0.069712 0.084135
