3 0.050481 0.074519 0.100962 0.105769
1 0.039663 0.021635 0.079327 0.043269
4 0.448317 0.323317 0.117788 0.165865
4 0.822115 0.228365 0.081731 0.081731
4 0.737981 0.256010 0.100962 0.098558
3 0.587740 0.248798 0.137019 0.132212
2 0.975962 0.218750 0.043269 0.052885
3 0.254808 0.748798 0.125000 0.146635
3 0.361779 0.850962 0.161058 0.163462
3 0.121394 0.701923 0.122596 0.139423
4 0.566106 0.903846 0.112981 0.187500
2 0.705529 0.894231 0.122596 0.120192
4 0.810096 0.856971 0.100962 0.108173
2 0.868990 0.840144 0.079327 0.088942
1 0.990385 0.802885 0.014423 0.038462
1 0.973558 0.776442 0.048077 0.048077
