4 0.171875 0.316106 0.141827 0.161058
4 0.069712 0.125000 0.139423 0.153846
4 0.893029 0.367788 0.122596 0.129808
1 0.651442 0.170673 0.072115 0.072115
0 0.701923 0.282452 0.182692 0.180288
1 0.586538 0.177885 0.048077 0.052885
1 0.569712 0.073317 0.062500 0.064904
1 0.548077 0.145433 0.043269 0.050481
1 0.633413 0.211538 0.069712 0.067308
2 0.506010 0.131010 0.055288 0.064904
1 0.579327 0.211538 0.043269 0.043269
4 0.957933 0.441106 0.079327 0.189904
4 0.926683 0.217548 0.141827 0.161058
4 0.317308 0.836538 0.144231 0.134615
3 0.292067 0.954327 0.112981 0.086538
4 0.358173 0.700721 0.221154 0.204327
1 0.844952 0.617788 0.290865 0.096154
4 0.700721 0.860577 0.146635 0.144231
1 0.639423 0.634615 0.192308 0.129808
