1 0.586538 0.028846 0.091346 0.057692
1 0.784856 0.240385 0.045673 0.052885
1 0.716346 0.258413 0.038462 0.036058
1 0.725962 0.133413 0.024038 0.031250
4 0.729567 0.198317 0.045673 0.050481
1 0.719952 0.103365 0.026442 0.024038
1 0.719952 0.069712 0.021635 0.019231
4 0.344952 0.663462 0.122596 0.134615
4 0.211538 0.689904 0.110577 0.139423
5 0.317308 0.537260 0.120192 0.137019
4 0.212740 0.568510 0.084135 0.108173
1 0.292067 0.474760 0.069712 0.012019
4 0.209135 0.496394 0.076923 0.055288
3 0.084135 0.616587 0.105769 0.161058
3 0.112981 0.521635 0.086538 0.105769
3 0.885817 0.586538 0.170673 0.211538
