3 0.382212 0.078125 0.129808 0.151442
1 0.312500 0.015625 0.125000 0.031250
2 0.759615 0.129808 0.043269 0.048077
1 0.673077 0.008413 0.048077 0.016827
1 0.722356 0.396635 0.093750 0.038462
3 0.786058 0.024038 0.033654 0.033654
1 0.778846 0.056490 0.028846 0.031250
4 0.391827 0.888221 0.110577 0.213942
3 0.782452 0.656250 0.137019 0.129808
3 0.837740 0.740385 0.117788 0.110577
4 0.969952 0.796875 0.055288 0.084135
4 0.926683 0.770433 0.093750 0.088942
2 0.912260 0.715144 0.098558 0.093750
1 0.758413 0.433894 0.098558 0.031250
