1 0.400240 0.157452 0.079327 0.079327
4 0.337740 0.563702 0.112981 0.112981
1 0.360577 0.805288 0.062500 0.062500
5 0.348558 0.695913 0.091346 0.088942
2 0.360577 0.752404 0.062500 0.062500
1 0.368990 0.852163 0.060096 0.060096
1 0.378606 0.919471 0.040865 0.045673
1 0.317308 0.443510 0.245192 0.055288
1 0.372596 0.882212 0.062500 0.062500
4 0.850962 0.814904 0.067308 0.067308
4 0.937500 0.687500 0.072115 0.072115
1 0.977163 0.635817 0.040865 0.064904
1 0.911058 0.609375 0.096154 0.098558
4 0.838942 0.669471 0.096154 0.098558
4 0.731971 0.534856 0.170673 0.170673
5 0.647837 0.641827 0.319712 0.379808
2 0.981971 0.701923 0.026442 0.052885
