1 0.216346 0.281250 0.307692 0.149038
1 0.431490 0.268029 0.050481 0.170673
1 0.260817 0.043269 0.242788 0.086538
3 0.860577 0.094952 0.144231 0.141827
1 0.754808 0.031250 0.134615 0.062500
1 0.025240 0.883413 0.050481 0.223558
3 0.419471 0.835337 0.074519 0.088942
4 0.252404 0.689904 0.091346 0.091346
3 0.332933 0.697115 0.084135 0.081731
3 0.165865 0.667067 0.139423 0.137019
1 0.038462 0.638221 0.076923 0.165865
1 0.598558 0.668269 0.072115 0.072115
1 0.549279 0.775240 0.093750 0.093750
2 0.633413 0.937500 0.156250 0.120192
