1 0.022837 0.438702 0.045673 0.064904
1 0.028846 0.236779 0.057692 0.098558
1 0.033654 0.140625 0.067308 0.122596
1 0.341346 0.396635 0.163462 0.158654
2 0.334135 0.312500 0.221154 0.221154
4 0.522837 0.914663 0.088942 0.165865
1 0.057692 0.943510 0.110577 0.103365
1 0.020433 0.885817 0.040865 0.098558
1 0.110577 0.974760 0.105769 0.045673
1 0.125000 0.875000 0.144231 0.144231
1 0.280048 0.981971 0.141827 0.031250
1 0.376202 0.932692 0.189904 0.129808
1 0.454327 0.832933 0.225962 0.314904
1 0.257212 0.867788 0.197115 0.197115
1 0.221154 0.932692 0.187500 0.125000
1 0.430288 0.972356 0.182692 0.050481
