3 0.096154 0.189904 0.072115 0.081731
3 0.046875 0.308894 0.093750 0.137019
1 0.019231 0.108173 0.038462 0.052885
4 0.050481 0.143029 0.062500 0.064904
4 0.174279 0.282452 0.098558 0.108173
1 0.019231 0.223558 0.038462 0.076923
1 0.762019 0.128606 0.028846 0.040865
3 0.875000 0.256010 0.052885 0.084135
3 0.764423 0.362981 0.057692 0.105769
3 0.844952 0.361779 0.069712 0.127404
3 0.968750 0.481971 0.057692 0.141827
1 0.716346 0.008413 0.019231 0.016827
1 0.806490 0.055288 0.021635 0.024038
1 0.721154 0.081731 0.014423 0.024038
3 0.758413 0.085337 0.021635 0.026442
1 0.088942 0.793269 0.048077 0.043269
1 0.150240 0.794471 0.050481 0.045673
1 0.207933 0.717548 0.026442 0.021635
1 0.266827 0.715144 0.033654 0.036058
1 0.278846 0.655048 0.019231 0.021635
1 0.269231 0.671875 0.028846 0.026442
1 0.311298 0.633413 0.021635 0.007212
1 0.312500 0.645433 0.019231 0.026442
3 0.707933 0.725962 0.127404 0.134615
4 0.799279 0.707933 0.098558 0.108173
3 0.820913 0.651442 0.098558 0.043269
3 0.900240 0.649038 0.108173 0.038462
