4 0.856971 0.072115 0.141827 0.139423
1 0.667067 0.045673 0.036058 0.091346
4 0.737981 0.057692 0.100962 0.100962
4 0.950721 0.087740 0.093750 0.175481
2 0.412260 0.973558 0.064904 0.048077
5 0.409856 0.941106 0.079327 0.074519
1 0.459135 0.981971 0.072115 0.026442
5 0.487981 0.963942 0.086538 0.067308
3 0.441106 0.899038 0.084135 0.081731
4 0.510817 0.927885 0.112981 0.100962
2 0.329327 0.623798 0.115385 0.112981
3 0.542067 0.866587 0.103365 0.098558
3 0.479567 0.753606 0.151442 0.141827
4 0.578125 0.800481 0.137019 0.134615
4 0.584135 0.439904 0.120192 0.201923
2 0.301683 0.954327 0.050481 0.048077
4 0.724760 0.496394 0.156250 0.189904
4 0.711538 0.727163 0.125000 0.161058
4 0.937500 0.417067 0.120192 0.156250
