2 0.135817 0.292067 0.079327 0.084135
1 0.221154 0.388221 0.062500 0.069712
1 0.129808 0.234375 0.076923 0.088942
1 0.123798 0.346154 0.079327 0.091346
1 0.875000 0.358173 0.048077 0.052885
1 0.754808 0.241587 0.072115 0.088942
1 0.883413 0.421875 0.050481 0.055288
1 0.967548 0.465144 0.026442 0.021635
4 0.618990 0.183894 0.127404 0.146635
1 0.051683 0.973558 0.103365 0.048077
1 0.268029 0.741587 0.060096 0.050481
3 0.121394 0.814904 0.093750 0.076923
1 0.396635 0.531250 0.024038 0.014423
1 0.402644 0.515625 0.016827 0.012019
1 0.843750 0.731971 0.028846 0.026442
4 0.862981 0.771635 0.024038 0.028846
1 0.896635 0.865385 0.028846 0.024038
1 0.834135 0.777644 0.033654 0.031250
1 0.768029 0.981971 0.060096 0.026442
1 0.875000 0.837740 0.033654 0.031250
1 0.875000 0.729567 0.024038 0.026442
1 0.894231 0.758413 0.028846 0.026442
1 0.727163 0.875000 0.064904 0.052885
1 0.927885 0.829327 0.019231 0.019231
1 0.908654 0.724760 0.024038 0.021635
5 0.825721 0.878606 0.050481 0.045673
1 0.938702 0.741587 0.016827 0.012019
5 0.582933 0.856971 0.141827 0.098558
1 0.512019 0.979567 0.187500 0.036058
1 0.909856 0.753606 0.016827 0.016827
1 0.950721 0.736779 0.012019 0.016827
1 0.956731 0.756010 0.014423 0.016827
1 0.981971 0.769231 0.007212 0.009615
