4 0.296875 0.270433 0.257212 0.300481
1 0.019231 0.180288 0.038462 0.134615
1 0.025240 0.359375 0.050481 0.204327
1 0.022837 0.253606 0.045673 0.170673
3 0.243990 0.139423 0.252404 0.240385
3 0.216346 0.347356 0.418269 0.257212
4 0.610577 0.034856 0.134615 0.069712
4 0.593750 0.223558 0.182692 0.192308
1 0.438702 0.552885 0.021635 0.076923
2 0.460337 0.564904 0.064904 0.072115
1 0.437500 0.617788 0.019231 0.072115
3 0.519231 0.575721 0.091346 0.093750
4 0.461538 0.664663 0.067308 0.093750
1 0.503606 0.919471 0.151442 0.156250
3 0.740385 0.774038 0.336538 0.307692
