6 0.548077 0.237981 0.129808 0.139423
1 0.584135 0.445913 0.129808 0.079327
1 0.467548 0.008413 0.045673 0.016827
1 0.528846 0.016827 0.072115 0.033654
4 0.527644 0.111779 0.074519 0.084135
1 0.085337 0.806490 0.021635 0.021635
1 0.248798 0.736779 0.074519 0.064904
4 0.305288 0.817308 0.081731 0.067308
1 0.391827 0.710337 0.048077 0.103365
4 0.008413 0.737981 0.012019 0.014423
1 0.026442 0.777644 0.014423 0.012019
1 0.072115 0.766827 0.028846 0.028846
1 0.561298 0.917067 0.050481 0.050481
2 0.463942 0.885817 0.033654 0.036058
2 0.649038 0.834135 0.067308 0.067308
1 0.444712 0.848558 0.028846 0.028846
3 0.656250 0.923077 0.081731 0.062500
2 0.674279 0.756010 0.060096 0.060096
1 0.545673 0.812500 0.038462 0.043269
5 0.945913 0.861779 0.103365 0.271635
1 0.966346 0.739183 0.062500 0.137019
4 0.754808 0.810096 0.091346 0.076923
1 0.496394 0.933894 0.045673 0.040865
4 0.461538 0.927885 0.028846 0.033654
1 0.444712 0.935096 0.028846 0.028846
1 0.424279 0.933894 0.012019 0.031250
