1 0.347356 0.599760 0.040865 0.026442
1 0.362981 0.555288 0.043269 0.052885
1 0.278846 0.570913 0.057692 0.060096
1 0.295673 0.265625 0.182692 0.228365
4 0.260817 0.115385 0.252404 0.230769
1 0.975962 0.506010 0.043269 0.074519
3 0.164663 0.794471 0.093750 0.108173
4 0.223558 0.841346 0.057692 0.057692
1 0.289663 0.923077 0.040865 0.038462
1 0.262019 0.859375 0.043269 0.050481
1 0.292067 0.887019 0.040865 0.038462
1 0.320913 0.897837 0.040865 0.036058
3 0.939904 0.950721 0.086538 0.088942
4 0.776442 0.875000 0.115385 0.149038
4 0.432692 0.707933 0.086538 0.180288
