3 0.496394 0.201923 0.074519 0.076923
4 0.539663 0.014423 0.036058 0.028846
5 0.472356 0.322115 0.137019 0.149038
1 0.578125 0.014423 0.036058 0.028846
2 0.524038 0.086538 0.062500 0.062500
5 0.526442 0.044471 0.038462 0.040865
5 0.209135 0.298077 0.389423 0.254808
1 0.040865 0.631010 0.081731 0.132212
1 0.432692 0.484375 0.115385 0.112981
1 0.781250 0.439904 0.048077 0.024038
0 0.709135 0.574519 0.100962 0.139423
1 0.711538 0.450721 0.028846 0.026442
3 0.937500 0.911058 0.120192 0.173077
1 0.812500 0.533654 0.033654 0.038462
