3 0.026442 0.330529 0.052885 0.060096
1 0.025240 0.449519 0.045673 0.048077
4 0.646635 0.432692 0.086538 0.081731
2 0.681490 0.509615 0.084135 0.081731
1 0.524038 0.486779 0.014423 0.045673
1 0.057692 0.867788 0.057692 0.057692
4 0.105769 0.848558 0.067308 0.067308
4 0.164663 0.829327 0.103365 0.105769
3 0.106971 0.765625 0.074519 0.074519
5 0.271635 0.873798 0.100962 0.103365
4 0.424279 0.865385 0.165865 0.168269
1 0.483173 0.716346 0.067308 0.211538
1 0.811298 0.962740 0.031250 0.031250
3 0.945913 0.626202 0.103365 0.093750
1 0.883413 0.617788 0.122596 0.081731
4 0.804087 0.792067 0.060096 0.064904
