1 0.418269 0.286058 0.038462 0.067308
1 0.418269 0.203125 0.038462 0.064904
1 0.361779 0.207933 0.060096 0.064904
1 0.409856 0.058894 0.055288 0.117788
4 0.277644 0.066106 0.151442 0.132212
1 0.406250 0.436298 0.028846 0.036058
5 0.409856 0.387019 0.055288 0.091346
1 0.414663 0.334135 0.026442 0.028846
4 0.271635 0.771635 0.096154 0.110577
3 0.242788 0.941106 0.062500 0.064904
2 0.246394 0.867788 0.074519 0.081731
1 0.230769 0.984375 0.057692 0.026442
4 0.311298 0.584135 0.146635 0.163462
4 0.082933 0.576923 0.132212 0.168269
4 0.383413 0.543269 0.108173 0.153846
5 0.771635 0.751202 0.283654 0.343750
1 0.478365 0.742788 0.076923 0.211538
1 0.466346 0.945913 0.052885 0.103365
1 0.570913 0.923077 0.112981 0.110577
2 0.718750 0.914663 0.091346 0.098558
1 0.765625 0.947115 0.064904 0.062500
