3 0.192308 0.348558 0.134615 0.134615
1 0.019231 0.028846 0.038462 0.057692
1 0.502404 0.193510 0.072115 0.079327
1 0.467548 0.133413 0.016827 0.074519
4 0.790865 0.332933 0.120192 0.127404
1 0.532452 0.111779 0.069712 0.074519
4 0.603365 0.233173 0.081731 0.086538
1 0.191106 0.816106 0.031250 0.031250
1 0.156250 0.823317 0.038462 0.036058
1 0.125000 0.811298 0.019231 0.021635
1 0.427885 0.604567 0.057692 0.112981
1 0.403846 0.888221 0.105769 0.103365
1 0.292067 0.721154 0.064904 0.057692
4 0.223558 0.754808 0.048077 0.043269
1 0.118990 0.843750 0.016827 0.014423
1 0.091346 0.831731 0.014423 0.014423
1 0.103365 0.853365 0.014423 0.014423
