4 0.364183 0.219952 0.026442 0.074519
5 0.926683 0.090144 0.141827 0.117788
2 0.164663 0.671875 0.045673 0.045673
1 0.198317 0.561298 0.016827 0.016827
2 0.131010 0.768029 0.050481 0.050481
1 0.243990 0.479567 0.012019 0.012019
1 0.230769 0.501202 0.019231 0.012019
1 0.286058 0.441106 0.009615 0.002404
1 0.271635 0.441106 0.004808 0.002404
1 0.280048 0.443510 0.012019 0.007212
1 0.269231 0.443510 0.004808 0.007212
1 0.265625 0.450721 0.007212 0.007212
1 0.257212 0.459135 0.019231 0.009615
1 0.264423 0.468750 0.009615 0.009615
1 0.275240 0.465144 0.007212 0.007212
1 0.257212 0.480769 0.009615 0.009615
1 0.240385 0.503606 0.014423 0.012019
1 0.182692 0.618990 0.043269 0.036058
1 0.133413 0.616587 0.050481 0.045673
1 0.105769 0.682692 0.067308 0.057692
4 0.084135 0.741587 0.072115 0.064904
1 0.164663 0.728365 0.036058 0.043269
1 0.223558 0.544471 0.024038 0.021635
1 0.217548 0.515625 0.021635 0.016827
1 0.947115 0.471154 0.081731 0.062500
1 0.977163 0.506010 0.040865 0.074519
