4 0.378606 0.644231 0.055288 0.062500
5 0.317308 0.573317 0.076923 0.088942
5 0.396635 0.552885 0.081731 0.100962
1 0.320913 0.626202 0.060096 0.069712
4 0.338942 0.713942 0.043269 0.043269
1 0.918269 0.498798 0.043269 0.055288
1 0.956731 0.605769 0.014423 0.014423
4 0.840144 0.224760 0.084135 0.108173
1 0.932692 0.533654 0.028846 0.033654
1 0.973558 0.631010 0.009615 0.012019
1 0.377404 0.961538 0.091346 0.072115
1 0.414663 0.790865 0.045673 0.105769
1 0.716346 0.799279 0.048077 0.045673
1 0.750000 0.774038 0.067308 0.067308
2 0.813702 0.784856 0.055288 0.050481
1 0.894231 0.819712 0.033654 0.028846
