4 0.057692 0.497596 0.115385 0.096154
4 0.548077 0.311298 0.057692 0.262019
4 0.704327 0.414663 0.120192 0.127404
4 0.816106 0.473558 0.112981 0.115385
4 0.796875 0.364183 0.117788 0.132212
4 0.606971 0.247596 0.175481 0.201923
3 0.302885 0.854567 0.192308 0.218750
4 0.381010 0.903846 0.127404 0.125000
1 0.248798 0.979567 0.127404 0.036058
1 0.611779 0.848558 0.031250 0.038462
3 0.560096 0.597356 0.086538 0.098558
3 0.532452 0.854567 0.026442 0.045673
4 0.557692 0.759615 0.052885 0.067308
1 0.570913 0.891827 0.026442 0.028846
1 0.683894 0.926683 0.016827 0.016827
1 0.656250 0.923077 0.019231 0.019231
1 0.617788 0.965144 0.019231 0.021635
1 0.669471 0.947115 0.012019 0.014423
1 0.663462 0.980769 0.009615 0.014423
1 0.650240 0.968750 0.012019 0.014423
4 0.698317 0.966346 0.012019 0.014423
