1 0.343750 0.192308 0.028846 0.033654
4 0.337740 0.486779 0.064904 0.103365
4 0.330529 0.146635 0.021635 0.028846
1 0.248798 0.187500 0.036058 0.043269
1 0.306490 0.076923 0.016827 0.019231
1 0.310096 0.093750 0.019231 0.019231
1 0.281250 0.021635 0.009615 0.009615
1 0.703125 0.068510 0.055288 0.045673
5 0.484375 0.116587 0.074519 0.108173
1 0.578125 0.042067 0.036058 0.060096
1 0.544471 0.006010 0.045673 0.012019
3 0.439904 0.009615 0.033654 0.019231
1 0.620192 0.754808 0.033654 0.038462
1 0.656250 0.649038 0.019231 0.019231
1 0.447115 0.961538 0.057692 0.057692
1 0.533654 0.844952 0.062500 0.069712
1 0.588942 0.864183 0.052885 0.074519
1 0.608173 0.799279 0.048077 0.064904
3 0.563702 0.768029 0.045673 0.060096
1 0.604567 0.674279 0.040865 0.074519
1 0.715144 0.682692 0.021635 0.024038
1 0.645433 0.984375 0.098558 0.026442
