1 0.237981 0.033654 0.163462 0.067308
1 0.573317 0.487981 0.021635 0.028846
1 0.566106 0.443510 0.016827 0.021635
1 0.504808 0.368990 0.024038 0.021635
1 0.520433 0.407452 0.021635 0.021635
5 0.469952 0.372596 0.026442 0.024038
1 0.555288 0.419471 0.024038 0.021635
1 0.568510 0.389423 0.012019 0.014423
5 0.443510 0.597356 0.127404 0.117788
1 0.435096 0.430288 0.052885 0.048077
5 0.555288 0.631010 0.062500 0.064904
1 0.570913 0.570913 0.031250 0.060096
2 0.516827 0.487981 0.052885 0.048077
1 0.515625 0.431490 0.031250 0.031250
3 0.550481 0.473558 0.033654 0.033654
1 0.490385 0.352163 0.024038 0.021635
1 0.496394 0.346154 0.026442 0.014423
1 0.566106 0.415865 0.016827 0.019231
1 0.552885 0.364183 0.014423 0.012019
2 0.557692 0.349760 0.024038 0.021635
1 0.521635 0.343750 0.024038 0.009615
1 0.563702 0.341346 0.021635 0.004808
1 0.570913 0.346154 0.016827 0.019231
1 0.551683 0.383413 0.026442 0.026442
3 0.771635 0.512019 0.153846 0.153846
3 0.935096 0.568510 0.120192 0.127404
