1 0.311298 0.515625 0.060096 0.069712
1 0.346154 0.568510 0.038462 0.016827
2 0.084135 0.287260 0.096154 0.117788
1 0.260817 0.563702 0.060096 0.026442
1 0.229567 0.445913 0.064904 0.079327
5 0.908654 0.265625 0.057692 0.040865
1 0.992788 0.246394 0.009615 0.026442
1 0.677885 0.550481 0.125000 0.052885
5 0.699519 0.349760 0.100962 0.069712
1 0.260817 0.802885 0.040865 0.028846
1 0.259615 0.846154 0.033654 0.024038
1 0.201923 0.867788 0.057692 0.043269
3 0.062500 0.823317 0.096154 0.064904
5 0.359375 0.825721 0.012019 0.016827
1 0.318510 0.763221 0.031250 0.026442
1 0.468750 0.657452 0.201923 0.156250
0 0.766827 0.872596 0.355769 0.250000
0 0.896635 0.766827 0.187500 0.235577
