4 0.346154 0.508413 0.307692 0.117788
4 0.298077 0.342548 0.216346 0.209135
3 0.262019 0.180288 0.125000 0.125000
3 0.818510 0.341346 0.180288 0.182692
4 0.729567 0.340144 0.156250 0.161058
4 0.818510 0.179087 0.141827 0.141827
4 0.822115 0.526442 0.302885 0.081731
4 0.668269 0.336538 0.134615 0.134615
4 0.695913 0.188702 0.098558 0.098558
5 0.687500 0.513221 0.081731 0.084135
1 0.707933 0.117788 0.069712 0.072115
2 0.716346 0.513221 0.317308 0.108173
1 0.597356 0.550481 0.170673 0.033654
1 0.816106 0.075721 0.098558 0.098558
1 0.730769 0.033654 0.067308 0.067308
1 0.168269 0.957933 0.091346 0.079327
4 0.197115 0.881010 0.076923 0.074519
1 0.132212 0.585337 0.033654 0.031250
1 0.123798 0.612981 0.031250 0.028846
1 0.544471 0.805288 0.069712 0.120192
3 0.687500 0.703125 0.139423 0.137019
