1 0.759615 0.419471 0.134615 0.093750
1 0.251202 0.758413 0.031250 0.031250
1 0.263221 0.673077 0.084135 0.081731
4 0.308894 0.625000 0.074519 0.072115
1 0.314904 0.709135 0.067308 0.067308
2 0.367788 0.674279 0.067308 0.064904
2 0.395433 0.713942 0.050481 0.048077
1 0.409856 0.731971 0.031250 0.040865
4 0.418269 0.753606 0.014423 0.050481
1 0.228365 0.731971 0.081731 0.079327
2 0.270433 0.754808 0.069712 0.072115
4 0.312500 0.774038 0.057692 0.057692
4 0.344952 0.789663 0.064904 0.064904
1 0.389423 0.807692 0.048077 0.048077
1 0.409856 0.823317 0.031250 0.045673
