1 0.340144 0.019231 0.137019 0.038462
1 0.532452 0.022837 0.122596 0.045673
3 0.621394 0.052885 0.108173 0.105769
4 0.742788 0.039663 0.096154 0.079327
1 0.506010 0.060096 0.093750 0.120192
1 0.807692 0.032452 0.072115 0.064904
1 0.844952 0.032452 0.045673 0.045673
1 0.938702 0.024038 0.026442 0.028846
1 0.972356 0.020433 0.026442 0.026442
1 0.213942 0.615385 0.062500 0.033654
4 0.248798 0.706731 0.079327 0.076923
1 0.016827 0.626202 0.033654 0.055288
1 0.183894 0.872596 0.127404 0.134615
3 0.127404 0.798077 0.254808 0.399038
