1 0.407452 0.025240 0.209135 0.050481
1 0.456731 0.149038 0.139423 0.139423
4 0.638221 0.122596 0.161058 0.245192
4 0.641827 0.239183 0.168269 0.156250
4 0.824519 0.263221 0.139423 0.108173
1 0.941106 0.283654 0.103365 0.067308
3 0.302885 0.615385 0.125000 0.139423
4 0.173077 0.802885 0.100962 0.100962
1 0.236779 0.743990 0.098558 0.103365
4 0.537260 0.843750 0.021635 0.024038
1 0.402644 0.799279 0.050481 0.055288
2 0.318510 0.774038 0.093750 0.091346
1 0.455529 0.813702 0.045673 0.045673
1 0.509615 0.836538 0.024038 0.024038
1 0.364183 0.788462 0.060096 0.062500
1 0.468750 0.823317 0.043269 0.045673
2 0.421875 0.814904 0.040865 0.038462
1 0.759615 0.981971 0.048077 0.031250
1 0.778846 0.875000 0.076923 0.081731
2 0.790865 0.769231 0.096154 0.100962
4 0.722356 0.725962 0.122596 0.129808
1 0.956731 0.525240 0.081731 0.156250
2 0.819712 0.513221 0.158654 0.170673
1 0.903846 0.405048 0.187500 0.170673
1 0.638221 0.485577 0.161058 0.216346
