4 0.348558 0.400240 0.312500 0.290865
4 0.188702 0.185096 0.237981 0.240385
1 0.277644 0.032452 0.161058 0.064904
1 0.751202 0.020433 0.127404 0.040865
3 0.872596 0.034856 0.091346 0.069712
4 0.266827 0.685096 0.173077 0.168269
3 0.436298 0.683894 0.146635 0.151442
1 0.620192 0.655048 0.086538 0.084135
3 0.586538 0.855769 0.110577 0.115385
1 0.762019 0.621394 0.062500 0.060096
4 0.763221 0.675481 0.079327 0.081731
1 0.698317 0.632212 0.045673 0.076923
1 0.905048 0.686298 0.026442 0.026442
1 0.707933 0.584135 0.060096 0.076923
