5 0.161058 0.061298 0.024038 0.031250
1 0.134615 0.102163 0.033654 0.045673
1 0.298077 0.075721 0.043269 0.040865
1 0.336538 0.156250 0.052885 0.052885
1 0.158654 0.225962 0.048077 0.057692
3 0.437500 0.204327 0.072115 0.062500
4 0.181490 0.314904 0.064904 0.100962
3 0.510817 0.365385 0.108173 0.120192
5 0.389423 0.313702 0.355769 0.223558
1 0.158654 0.006010 0.028846 0.012019
1 0.117788 0.022837 0.019231 0.021635
1 0.229567 0.026442 0.026442 0.028846
0 0.917067 0.121394 0.161058 0.180288
1 0.060096 0.443510 0.091346 0.031250
1 0.963942 0.557692 0.067308 0.125000
