5 0.778846 0.069712 0.072115 0.043269
1 0.838942 0.013221 0.062500 0.026442
1 0.872596 0.066106 0.057692 0.040865
1 0.575721 0.069712 0.016827 0.009615
1 0.618990 0.086538 0.045673 0.019231
1 0.655048 0.003606 0.026442 0.007212
0 0.695913 0.045673 0.036058 0.024038
5 0.490385 0.471154 0.129808 0.206731
1 0.293269 0.647837 0.115385 0.103365
1 0.116587 0.721154 0.064904 0.048077
1 0.112981 0.800481 0.057692 0.043269
1 0.037260 0.895433 0.045673 0.036058
1 0.575721 0.647837 0.040865 0.098558
5 0.740385 0.948317 0.235577 0.084135
