4 0.061298 0.566106 0.021635 0.021635
1 0.066106 0.527644 0.031250 0.026442
1 0.066106 0.459135 0.031250 0.028846
1 0.092548 0.561298 0.031250 0.026442
2 0.102163 0.520433 0.031250 0.031250
1 0.150240 0.510817 0.045673 0.036058
4 0.171875 0.560096 0.040865 0.038462
1 0.224760 0.480769 0.064904 0.043269
1 0.239183 0.550481 0.060096 0.048077
4 0.329327 0.209135 0.081731 0.076923
4 0.400240 0.247596 0.146635 0.120192
4 0.473558 0.405048 0.144231 0.084135
4 0.016827 0.542067 0.033654 0.026442
1 0.020433 0.460337 0.026442 0.026442
1 0.039663 0.561298 0.021635 0.021635
3 0.917067 0.462740 0.112981 0.117788
1 0.787260 0.475962 0.064904 0.067308
3 0.897837 0.544471 0.098558 0.093750
1 0.637019 0.201923 0.014423 0.033654
2 0.384615 0.802885 0.096154 0.086538
1 0.292067 0.979567 0.050481 0.036058
4 0.235577 0.920673 0.062500 0.062500
1 0.219952 0.881010 0.040865 0.050481
4 0.588942 0.820913 0.076923 0.146635
1 0.570913 0.731971 0.112981 0.084135
