1 0.371394 0.156250 0.026442 0.043269
5 0.399038 0.149038 0.081731 0.091346
0 0.329327 0.213942 0.153846 0.158654
1 0.277644 0.263221 0.060096 0.064904
4 0.391827 0.217548 0.057692 0.060096
4 0.224760 0.318510 0.088942 0.069712
3 0.335337 0.281250 0.079327 0.076923
3 0.932692 0.311298 0.129808 0.088942
1 0.209135 0.538462 0.096154 0.091346
4 0.024038 0.670673 0.048077 0.134615
3 0.088942 0.623798 0.110577 0.108173
3 0.080529 0.883413 0.161058 0.199519
1 0.539663 0.948317 0.175481 0.098558
1 0.222356 0.362981 0.045673 0.009615
1 0.286058 0.376202 0.062500 0.036058
1 0.662260 0.598558 0.036058 0.048077
1 0.706731 0.581731 0.052885 0.057692
5 0.762019 0.611779 0.048077 0.050481
1 0.704327 0.669471 0.062500 0.069712
5 0.771635 0.645433 0.067308 0.074519
5 0.679087 0.713942 0.098558 0.240385
3 0.695913 0.731971 0.088942 0.103365
4 0.776442 0.727163 0.072115 0.084135
1 0.707933 0.430288 0.036058 0.048077
1 0.747596 0.415865 0.028846 0.033654
1 0.724760 0.425481 0.016827 0.019231
1 0.706731 0.525240 0.028846 0.031250
1 0.829327 0.491587 0.038462 0.040865
1 0.747596 0.534856 0.033654 0.036058
1 0.709135 0.555288 0.043269 0.043269
