2 0.775240 0.251202 0.084135 0.084135
3 0.640625 0.256010 0.060096 0.060096
1 0.493990 0.158654 0.055288 0.052885
5 0.945913 0.270433 0.103365 0.117788
5 0.622596 0.137019 0.081731 0.081731
1 0.468750 0.227163 0.048077 0.045673
1 0.438702 0.286058 0.021635 0.024038
1 0.411058 0.215144 0.024038 0.031250
1 0.501202 0.316106 0.026442 0.031250
1 0.463942 0.290865 0.024038 0.024038
1 0.418269 0.230769 0.038462 0.048077
1 0.935096 0.430288 0.125000 0.134615
4 0.302885 0.787260 0.158654 0.156250
2 0.183894 0.766827 0.122596 0.120192
1 0.014423 0.513221 0.028846 0.026442
4 0.489183 0.631010 0.127404 0.127404
1 0.512019 0.984375 0.043269 0.026442
4 0.444712 0.878606 0.052885 0.055288
4 0.498798 0.796875 0.088942 0.088942
1 0.437500 0.698317 0.076923 0.156250
