3 0.243990 0.414663 0.233173 0.185096
1 0.099760 0.414663 0.088942 0.084135
2 0.185096 0.289663 0.139423 0.137019
1 0.432692 0.399038 0.173077 0.177885
1 0.027644 0.415865 0.055288 0.067308
3 0.418269 0.235577 0.235577 0.250000
3 0.368990 0.330529 0.165865 0.156250
3 0.038462 0.322115 0.076923 0.105769
1 0.010817 0.383413 0.021635 0.074519
2 0.168269 0.206731 0.177885 0.192308
1 0.503606 0.331731 0.064904 0.211538
4 0.762019 0.219952 0.211538 0.218750
4 0.796875 0.311298 0.185096 0.189904
4 0.604567 0.307692 0.127404 0.125000
1 0.991587 0.278846 0.012019 0.120192
1 0.120192 0.560096 0.240385 0.100962
4 0.162260 0.676683 0.161058 0.165865
2 0.061298 0.693510 0.122596 0.185096
1 0.037260 0.781250 0.074519 0.139423
3 0.182692 0.853365 0.144231 0.144231
1 0.221154 0.945913 0.100962 0.103365
1 0.104567 0.850962 0.132212 0.129808
4 0.051683 0.860577 0.103365 0.115385
4 0.033654 0.900240 0.067308 0.088942
1 0.112981 0.947115 0.086538 0.081731
1 0.079327 0.971154 0.072115 0.052885
4 0.152644 0.987981 0.064904 0.019231
3 0.662260 0.930288 0.170673 0.134615
1 0.682692 0.718750 0.288462 0.418269
