1 0.322115 0.008413 0.086538 0.016827
1 0.691106 0.024038 0.074519 0.048077
1 0.376202 0.918269 0.016827 0.014423
5 0.168269 0.629808 0.067308 0.062500
1 0.025240 0.467548 0.050481 0.098558
2 0.088942 0.550481 0.134615 0.115385
1 0.070913 0.474760 0.093750 0.093750
2 0.126202 0.493990 0.079327 0.074519
2 0.206731 0.599760 0.048077 0.050481
1 0.262019 0.680288 0.048077 0.048077
5 0.243990 0.727163 0.045673 0.045673
1 0.272837 0.756010 0.045673 0.040865
1 0.292067 0.780048 0.036058 0.036058
2 0.348558 0.823317 0.052885 0.055288
1 0.344952 0.849760 0.036058 0.036058
1 0.365385 0.872596 0.024038 0.024038
4 0.365385 0.894231 0.024038 0.024038
1 0.372596 0.963942 0.028846 0.028846
1 0.352163 0.967548 0.021635 0.021635
5 0.209135 0.687500 0.057692 0.052885
1 0.379808 0.943510 0.009615 0.021635
1 0.979567 0.731971 0.036058 0.137019
1 0.925481 0.480769 0.100962 0.091346
1 0.957933 0.441106 0.079327 0.050481
