2 0.104567 0.271635 0.165865 0.158654
5 0.367788 0.183894 0.139423 0.305288
4 0.367788 0.355769 0.139423 0.245192
1 0.597356 0.281250 0.040865 0.038462
1 0.576923 0.378606 0.048077 0.045673
1 0.632212 0.426683 0.067308 0.060096
5 0.709135 0.473558 0.100962 0.091346
1 0.490385 0.263221 0.024038 0.021635
1 0.481971 0.318510 0.036058 0.036058
1 0.558894 0.274038 0.031250 0.028846
1 0.533654 0.352163 0.038462 0.036058
3 0.073317 0.812500 0.069712 0.067308
5 0.328125 0.790865 0.218750 0.230769
1 0.050481 0.878606 0.067308 0.060096
