1 0.085337 0.164663 0.060096 0.060096
1 0.038462 0.206731 0.076923 0.076923
1 0.070913 0.219952 0.074519 0.074519
1 0.031250 0.293269 0.062500 0.149038
2 0.180288 0.180288 0.086538 0.086538
1 0.058894 0.287260 0.098558 0.098558
1 0.013221 0.421875 0.026442 0.127404
3 0.051683 0.383413 0.103365 0.146635
1 0.038462 0.475962 0.076923 0.120192
3 0.263221 0.426683 0.175481 0.175481
1 0.132212 0.004808 0.033654 0.009615
1 0.126202 0.010817 0.031250 0.021635
1 0.122596 0.018029 0.033654 0.031250
1 0.117788 0.036058 0.038462 0.038462
1 0.116587 0.054087 0.031250 0.031250
1 0.109375 0.074519 0.060096 0.057692
3 0.185096 0.021635 0.048077 0.043269
1 0.094952 0.118990 0.064904 0.064904
3 0.888221 0.139423 0.069712 0.072115
0 0.097356 0.884615 0.194712 0.206731
6 0.462740 0.873798 0.247596 0.247596
1 0.441106 0.566106 0.117788 0.055288
