4 0.112981 0.063702 0.076923 0.084135
5 0.046875 0.090144 0.079327 0.088942
3 0.170673 0.094952 0.096154 0.108173
1 0.015625 0.150240 0.031250 0.093750
5 0.109375 0.147837 0.112981 0.137019
1 0.030048 0.237981 0.060096 0.096154
3 0.468750 0.221154 0.187500 0.129808
5 0.867788 0.146635 0.254808 0.278846
5 0.459135 0.408654 0.019231 0.014423
1 0.237981 0.471154 0.028846 0.028846
1 0.268029 0.475962 0.026442 0.019231
1 0.288462 0.447115 0.024038 0.028846
1 0.312500 0.448317 0.024038 0.021635
1 0.182692 0.530048 0.033654 0.031250
1 0.538462 0.355769 0.014423 0.019231
1 0.515625 0.373798 0.021635 0.021635
1 0.587740 0.332933 0.012019 0.012019
1 0.493990 0.338942 0.026442 0.028846
1 0.472356 0.364183 0.012019 0.012019
1 0.308894 0.468750 0.021635 0.019231
1 0.368990 0.426683 0.016827 0.016827
1 0.359375 0.415865 0.021635 0.019231
1 0.409856 0.400240 0.021635 0.021635
1 0.396635 0.389423 0.009615 0.014423
1 0.417067 0.390625 0.016827 0.016827
1 0.429087 0.377404 0.016827 0.019231
1 0.479567 0.359375 0.012019 0.012019
1 0.448317 0.376202 0.016827 0.012019
1 0.516827 0.359375 0.014423 0.012019
1 0.544471 0.344952 0.012019 0.012019
1 0.558894 0.331731 0.012019 0.009615
4 0.573317 0.324519 0.007212 0.009615
1 0.530048 0.352163 0.012019 0.012019
6 0.924279 0.776442 0.146635 0.269231
4 0.924279 0.579327 0.146635 0.139423
