4 0.354567 0.725962 0.079327 0.081731
4 0.334135 0.933894 0.096154 0.103365
3 0.201923 0.787260 0.072115 0.069712
2 0.181490 0.854567 0.060096 0.060096
1 0.100962 0.733173 0.033654 0.024038
3 0.954327 0.961538 0.072115 0.057692
5 0.913462 0.909856 0.057692 0.055288
5 0.961538 0.854567 0.072115 0.084135
5 0.808894 0.783654 0.045673 0.033654
4 0.769231 0.727163 0.028846 0.021635
5 0.746394 0.697115 0.026442 0.019231
1 0.724760 0.597356 0.050481 0.021635
1 0.754808 0.629808 0.028846 0.019231
5 0.783654 0.650240 0.033654 0.026442
4 0.859375 0.721154 0.050481 0.038462
4 0.675481 0.617788 0.014423 0.009615
1 0.669471 0.602163 0.012019 0.007212
1 0.661058 0.592548 0.014423 0.007212
4 0.661058 0.604567 0.009615 0.007212
3 0.651442 0.581731 0.009615 0.009615
