1 0.151442 0.014423 0.033654 0.028846
1 0.224760 0.063702 0.050481 0.045673
4 0.275240 0.069712 0.064904 0.062500
1 0.042067 0.097356 0.012019 0.012019
1 0.062500 0.067308 0.014423 0.019231
1 0.058894 0.118990 0.012019 0.012019
2 0.070913 0.082933 0.016827 0.016827
5 0.093750 0.073317 0.024038 0.016827
1 0.671875 0.102163 0.137019 0.175481
1 0.376202 0.575721 0.170673 0.141827
4 0.164663 0.781250 0.132212 0.134615
3 0.034856 0.687500 0.069712 0.096154
4 0.759615 0.790865 0.168269 0.144231
4 0.551683 0.961538 0.127404 0.072115
