1 0.250000 0.078125 0.038462 0.040865
1 0.359375 0.170673 0.055288 0.052885
1 0.382212 0.194712 0.033654 0.033654
1 0.157452 0.015625 0.036058 0.031250
1 0.224760 0.075721 0.040865 0.040865
1 0.411058 0.251202 0.038462 0.036058
2 0.193510 0.070913 0.050481 0.050481
5 0.258413 0.143029 0.055288 0.055288
1 0.394231 0.281250 0.052885 0.048077
1 0.447115 0.332933 0.057692 0.060096
1 0.143029 0.082933 0.055288 0.055288
1 0.186298 0.152644 0.060096 0.060096
1 0.450721 0.409856 0.064904 0.064904
1 0.493990 0.447115 0.074519 0.072115
1 0.039663 0.082933 0.079327 0.098558
1 0.250000 0.274038 0.091346 0.091346
3 0.502404 0.549279 0.091346 0.088942
1 0.551683 0.606971 0.040865 0.040865
1 0.020433 0.143029 0.040865 0.093750
1 0.282452 0.519231 0.151442 0.153846
2 0.204327 0.515625 0.168269 0.170673
3 0.098558 0.574519 0.197115 0.225962
1 0.268029 0.003606 0.021635 0.007212
1 0.280048 0.016827 0.021635 0.024038
1 0.294471 0.042067 0.021635 0.021635
1 0.254808 0.012019 0.019231 0.019231
1 0.231971 0.006010 0.021635 0.012019
1 0.308894 0.078125 0.026442 0.026442
1 0.211538 0.009615 0.028846 0.019231
1 0.233173 0.021635 0.024038 0.024038
1 0.341346 0.115385 0.028846 0.028846
1 0.981971 0.073317 0.026442 0.050481
1 0.832933 0.014423 0.060096 0.028846
2 0.836538 0.216346 0.096154 0.096154
1 0.622596 0.115385 0.028846 0.081731
1 0.955529 0.006010 0.036058 0.012019
1 0.391827 0.735577 0.134615 0.091346
1 0.305288 0.731971 0.153846 0.084135
3 0.483173 0.909856 0.240385 0.175481
5 0.322115 0.831731 0.192308 0.192308
1 0.354567 0.961538 0.247596 0.072115
1 0.646635 0.841346 0.043269 0.043269
1 0.735577 0.875000 0.072115 0.072115
1 0.683894 0.847356 0.079327 0.079327
1 0.682692 0.945913 0.139423 0.103365
1 0.641827 0.867788 0.072115 0.081731
1 0.633413 0.810096 0.055288 0.081731
1 0.631010 0.704327 0.040865 0.028846
1 0.633413 0.736779 0.050481 0.064904
