3 0.361779 0.070913 0.069712 0.141827
3 0.617788 0.248798 0.091346 0.079327
5 0.707933 0.287260 0.084135 0.084135
0 0.485577 0.227163 0.173077 0.233173
3 0.762019 0.211538 0.072115 0.062500
4 0.921875 0.204327 0.055288 0.048077
3 0.850962 0.224760 0.067308 0.064904
1 0.975962 0.181490 0.043269 0.050481
4 0.849760 0.187500 0.050481 0.043269
1 0.902644 0.176683 0.045673 0.045673
1 0.890625 0.156250 0.045673 0.043269
1 0.942308 0.167067 0.043269 0.040865
3 0.766827 0.687500 0.062500 0.062500
3 0.725962 0.657452 0.062500 0.060096
3 0.775240 0.604567 0.045673 0.045673
1 0.831731 0.647837 0.038462 0.036058
3 0.813702 0.618990 0.045673 0.045673
3 0.836538 0.844952 0.129808 0.098558
1 0.822115 0.591346 0.028846 0.028846
4 0.963942 0.557692 0.014423 0.014423
