2 0.300481 0.252404 0.115385 0.115385
6 0.478365 0.197115 0.254808 0.254808
3 0.420673 0.394231 0.211538 0.211538
3 0.245192 0.413462 0.153846 0.153846
4 0.173077 0.213942 0.076923 0.076923
2 0.076923 0.316106 0.091346 0.088942
1 0.046875 0.444712 0.093750 0.125000
1 0.099760 0.438702 0.122596 0.122596
2 0.171875 0.346154 0.132212 0.129808
1 0.003606 0.402644 0.007212 0.079327
5 0.524038 0.294471 0.230769 0.228365
2 0.270433 0.324519 0.141827 0.139423
1 0.033654 0.385817 0.067308 0.088942
2 0.167067 0.298077 0.103365 0.100962
1 0.092548 0.366587 0.112981 0.112981
2 0.608173 0.364183 0.134615 0.281250
4 0.742788 0.527644 0.134615 0.151442
3 0.883413 0.492788 0.228365 0.225962
3 0.750000 0.305288 0.144231 0.163462
3 0.711538 0.293269 0.072115 0.134615
5 0.807692 0.081731 0.120192 0.125000
4 0.769231 0.040865 0.072115 0.072115
