2 0.281250 0.038462 0.038462 0.038462
0 0.254808 0.165865 0.062500 0.076923
4 0.316106 0.074519 0.064904 0.067308
1 0.316106 0.137019 0.064904 0.072115
2 0.312500 0.200721 0.105769 0.108173
1 0.326923 0.378606 0.105769 0.112981
1 0.316106 0.490385 0.156250 0.091346
1 0.635817 0.096154 0.156250 0.192308
2 0.935096 0.283654 0.091346 0.086538
5 0.923077 0.218750 0.076923 0.072115
2 0.969952 0.195913 0.055288 0.117788
4 0.885817 0.058894 0.055288 0.050481
1 0.877404 0.004808 0.038462 0.009615
1 0.959135 0.028846 0.067308 0.057692
3 0.287260 0.900240 0.141827 0.127404
4 0.183894 0.564904 0.074519 0.052885
4 0.086538 0.701923 0.067308 0.067308
