1 0.049279 0.056490 0.074519 0.074519
1 0.019231 0.104567 0.038462 0.074519
1 0.138221 0.218750 0.165865 0.153846
1 0.007212 0.062500 0.014423 0.072115
1 0.512019 0.331731 0.014423 0.014423
1 0.492788 0.358173 0.024038 0.024038
1 0.480769 0.375000 0.028846 0.028846
1 0.501202 0.356971 0.021635 0.021635
1 0.496394 0.373798 0.021635 0.021635
1 0.480769 0.389423 0.019231 0.019231
1 0.473558 0.397837 0.024038 0.021635
1 0.468750 0.407452 0.019231 0.021635
1 0.463942 0.415865 0.024038 0.024038
2 0.441106 0.437500 0.050481 0.052885
1 0.461538 0.429087 0.019231 0.021635
1 0.438702 0.467548 0.031250 0.031250
1 0.425481 0.490385 0.033654 0.033654
4 0.395433 0.512019 0.084135 0.086538
1 0.425481 0.521635 0.043269 0.043269
1 0.378606 0.568510 0.040865 0.040865
1 0.413462 0.545673 0.043269 0.043269
1 0.356971 0.602163 0.060096 0.060096
1 0.400240 0.568510 0.045673 0.050481
1 0.453125 0.538462 0.055288 0.057692
3 0.387019 0.605769 0.062500 0.062500
1 0.316106 0.681490 0.069712 0.069712
2 0.354567 0.656250 0.079327 0.081731
4 0.442308 0.623798 0.062500 0.064904
1 0.318510 0.719952 0.069712 0.069712
1 0.278846 0.757212 0.067308 0.067308
1 0.228365 0.814904 0.149038 0.153846
1 0.307692 0.770433 0.081731 0.079327
4 0.412260 0.705529 0.084135 0.084135
4 0.274038 0.847356 0.105769 0.103365
3 0.376202 0.816106 0.112981 0.117788
1 0.816106 0.467548 0.060096 0.060096
1 0.753606 0.367788 0.040865 0.043269
1 0.814904 0.329327 0.043269 0.019231
4 0.887019 0.615385 0.100962 0.100962
