1 0.588942 0.301683 0.014423 0.031250
3 0.524038 0.293269 0.067308 0.048077
4 0.171875 0.242788 0.132212 0.100962
4 0.032452 0.248798 0.064904 0.103365
1 0.558894 0.205529 0.031250 0.036058
5 0.914663 0.048077 0.165865 0.096154
4 0.070913 0.560096 0.141827 0.158654
3 0.243990 0.558894 0.127404 0.122596
2 0.426683 0.537260 0.093750 0.098558
2 0.264423 0.408654 0.081731 0.076923
3 0.532452 0.415865 0.060096 0.057692
1 0.467548 0.362981 0.055288 0.043269
1 0.549279 0.348558 0.045673 0.038462
2 0.640625 0.509615 0.079327 0.091346
