3 0.096154 0.701923 0.168269 0.173077
4 0.054087 0.701923 0.108173 0.259615
1 0.038462 0.562500 0.076923 0.221154
1 0.096154 0.513221 0.192308 0.209135
4 0.219952 0.548077 0.112981 0.278846
3 0.217548 0.776442 0.117788 0.177885
4 0.212740 0.867788 0.127404 0.129808
2 0.245192 0.943510 0.062500 0.108173
1 0.245192 0.969952 0.062500 0.055288
3 0.649038 0.751202 0.129808 0.122596
4 0.568510 0.603365 0.170673 0.168269
1 0.599760 0.813702 0.112981 0.112981
3 0.524038 0.705529 0.139423 0.137019
1 0.300481 0.674279 0.043269 0.093750
4 0.706731 0.953125 0.076923 0.074519
4 0.403846 0.528846 0.182692 0.168269
4 0.658654 0.890625 0.081731 0.084135
1 0.710337 0.858173 0.112981 0.105769
3 0.758413 0.923077 0.084135 0.081731
1 0.770433 0.987981 0.069712 0.019231
