1 0.372596 0.521635 0.028846 0.024038
1 0.248798 0.020433 0.262019 0.040865
1 0.182692 0.296875 0.173077 0.122596
4 0.156250 0.475962 0.076923 0.067308
1 0.060096 0.508413 0.067308 0.074519
1 0.126202 0.402644 0.112981 0.079327
3 0.727163 0.563702 0.055288 0.045673
4 0.912260 0.532452 0.050481 0.060096
1 0.854567 0.651442 0.031250 0.033654
5 0.919471 0.689904 0.016827 0.019231
1 0.794471 0.623798 0.045673 0.040865
1 0.963942 0.721154 0.014423 0.019231
1 0.979567 0.727163 0.016827 0.016827
1 0.014423 0.879808 0.028846 0.048077
1 0.973558 0.891827 0.014423 0.019231
2 0.915865 0.825721 0.052885 0.055288
1 0.981971 0.915865 0.012019 0.014423
