1 0.064904 0.204327 0.129808 0.211538
1 0.840144 0.362981 0.088942 0.043269
1 0.842548 0.318510 0.098558 0.098558
1 0.710337 0.179087 0.103365 0.103365
1 0.838942 0.248798 0.120192 0.122596
3 0.932692 0.246394 0.125000 0.132212
4 0.832933 0.068510 0.209135 0.137019
1 0.004808 0.854567 0.009615 0.040865
1 0.062500 0.985577 0.033654 0.024038
1 0.070913 0.856971 0.050481 0.050481
1 0.401442 0.506010 0.024038 0.045673
1 0.395433 0.606971 0.012019 0.026442
1 0.437500 0.597356 0.033654 0.036058
5 0.645433 0.497596 0.218750 0.216346
2 0.510817 0.584135 0.055288 0.052885
1 0.473558 0.662260 0.043269 0.045673
1 0.414663 0.655048 0.031250 0.031250
