1 0.165865 0.420673 0.057692 0.057692
2 0.252404 0.438702 0.076923 0.036058
3 0.121394 0.250000 0.088942 0.091346
5 0.240385 0.387019 0.081731 0.081731
2 0.221154 0.311298 0.105769 0.103365
4 0.192308 0.183894 0.139423 0.137019
6 0.150240 0.079327 0.300481 0.158654
1 0.656250 0.295673 0.033654 0.134615
4 0.772837 0.331731 0.170673 0.173077
4 0.954327 0.358173 0.086538 0.197115
2 0.042067 0.806490 0.084135 0.098558
1 0.025240 0.736779 0.050481 0.093750
4 0.084135 0.693510 0.163462 0.170673
2 0.296875 0.604567 0.271635 0.295673
1 0.009615 0.783654 0.019231 0.067308
4 0.796875 0.723558 0.084135 0.086538
1 0.688702 0.635817 0.060096 0.060096
1 0.657452 0.620192 0.036058 0.052885
2 0.754808 0.675481 0.081731 0.086538
1 0.711538 0.677885 0.052885 0.057692
4 0.930288 0.644231 0.134615 0.168269
1 0.667067 0.653846 0.055288 0.057692
1 0.645433 0.638221 0.012019 0.055288
