1 0.497596 0.388221 0.057692 0.098558
1 0.897837 0.406250 0.137019 0.062500
4 0.070913 0.930288 0.141827 0.134615
2 0.475962 0.846154 0.100962 0.177885
1 0.146635 0.867788 0.177885 0.177885
4 0.367788 0.849760 0.158654 0.156250
2 0.209135 0.932692 0.168269 0.129808
1 0.364183 0.966346 0.132212 0.057692
1 0.817308 0.807692 0.028846 0.028846
1 0.718750 0.828125 0.033654 0.031250
1 0.919471 0.796875 0.026442 0.026442
1 0.925481 0.776442 0.019231 0.019231
5 0.622596 0.756010 0.192308 0.218750
4 0.963942 0.701923 0.062500 0.062500
5 0.855769 0.817308 0.067308 0.067308
1 0.534856 0.801683 0.012019 0.069712
2 0.580529 0.689904 0.079327 0.076923
1 0.756010 0.667067 0.050481 0.050481
4 0.885817 0.640625 0.045673 0.045673
1 0.909856 0.731971 0.031250 0.031250
1 0.579327 0.888221 0.038462 0.036058
1 0.974760 0.768029 0.016827 0.016827
1 0.992788 0.765625 0.009615 0.016827
