1 0.258413 0.504808 0.016827 0.004808
1 0.266827 0.501202 0.019231 0.012019
1 0.274038 0.498798 0.014423 0.016827
1 0.283654 0.496394 0.019231 0.021635
1 0.316106 0.484375 0.036058 0.045673
1 0.292067 0.484375 0.012019 0.021635
1 0.328125 0.462740 0.026442 0.026442
3 0.352163 0.448317 0.026442 0.031250
5 0.388221 0.438702 0.060096 0.079327
1 0.365385 0.420673 0.033654 0.038462
5 0.430288 0.399038 0.033654 0.033654
3 0.387019 0.401442 0.033654 0.038462
4 0.462740 0.378606 0.050481 0.050481
1 0.409856 0.389423 0.036058 0.043269
1 0.348558 0.391827 0.043269 0.052885
1 0.438702 0.361779 0.050481 0.055288
4 0.536058 0.326923 0.057692 0.057692
5 0.491587 0.331731 0.064904 0.072115
5 0.396635 0.318510 0.052885 0.055288
4 0.550481 0.289663 0.052885 0.060096
5 0.604567 0.275240 0.055288 0.055288
5 0.674279 0.247596 0.122596 0.134615
1 0.584135 0.251202 0.072115 0.064904
5 0.459135 0.262019 0.067308 0.072115
4 0.647837 0.195913 0.088942 0.084135
0 0.542067 0.179087 0.084135 0.108173
