4 0.941106 0.146635 0.112981 0.192308
4 0.670673 0.275240 0.144231 0.151442
1 0.771635 0.423077 0.105769 0.048077
1 0.412260 0.817308 0.026442 0.028846
1 0.415865 0.802885 0.019231 0.033654
5 0.388221 0.792067 0.064904 0.064904
4 0.341346 0.783654 0.043269 0.033654
1 0.394231 0.754808 0.043269 0.043269
2 0.294471 0.770433 0.045673 0.040865
1 0.221154 0.753606 0.062500 0.050481
4 0.090144 0.734375 0.064904 0.060096
5 0.043269 0.747596 0.086538 0.173077
4 0.121394 0.706731 0.079327 0.067308
1 0.409856 0.824519 0.016827 0.014423
4 0.925481 0.769231 0.144231 0.201923
4 0.975962 0.810096 0.043269 0.177885
4 0.893029 0.937500 0.117788 0.115385
