1 0.016827 0.189904 0.033654 0.110577
1 0.747596 0.436298 0.134615 0.040865
1 0.683894 0.443510 0.103365 0.026442
3 0.664663 0.377404 0.165865 0.158654
1 0.643029 0.293269 0.127404 0.125000
1 0.604567 0.401442 0.088942 0.100962
1 0.602163 0.423077 0.088942 0.067308
3 0.532452 0.335337 0.084135 0.084135
1 0.533654 0.379808 0.072115 0.072115
1 0.441106 0.203125 0.069712 0.069712
1 0.474760 0.263221 0.069712 0.069712
1 0.478365 0.302885 0.062500 0.062500
4 0.481971 0.342548 0.060096 0.069712
1 0.431490 0.275240 0.060096 0.060096
1 0.425481 0.306490 0.062500 0.060096
1 0.377404 0.245192 0.048077 0.052885
1 0.381010 0.274038 0.050481 0.052885
2 0.346154 0.225962 0.038462 0.038462
1 0.319712 0.209135 0.038462 0.038462
3 0.066106 0.919471 0.132212 0.141827
1 0.199519 0.763221 0.115385 0.146635
2 0.483173 0.929087 0.081731 0.079327
1 0.730769 0.605769 0.192308 0.182692
3 0.612981 0.897837 0.322115 0.199519
