1 0.088942 0.225962 0.062500 0.067308
4 0.477163 0.263221 0.084135 0.084135
1 0.050481 0.341346 0.033654 0.033654
1 0.028846 0.389423 0.014423 0.014423
1 0.007212 0.376202 0.014423 0.021635
1 0.004808 0.406250 0.009615 0.014423
1 0.141827 0.638221 0.091346 0.098558
4 0.096154 0.693510 0.091346 0.079327
1 0.338942 0.890625 0.043269 0.040865
1 0.262019 0.870192 0.052885 0.048077
1 0.501202 0.915865 0.084135 0.105769
4 0.407452 0.947115 0.036058 0.038462
3 0.461538 0.986779 0.028846 0.021635
1 0.961538 0.841346 0.072115 0.312500
1 0.770433 0.882212 0.122596 0.230769
