1 0.061298 0.014423 0.098558 0.028846
1 0.015625 0.242788 0.031250 0.120192
4 0.718750 0.087740 0.197115 0.175481
4 0.644231 0.112981 0.144231 0.139423
5 0.800481 0.346154 0.394231 0.201923
4 0.500000 0.469952 0.052885 0.040865
4 0.472356 0.679087 0.055288 0.050481
1 0.454327 0.549279 0.043269 0.050481
1 0.342548 0.888221 0.007212 0.026442
1 0.418269 0.724760 0.038462 0.040865
5 0.581731 0.945913 0.076923 0.098558
1 0.591346 0.754808 0.072115 0.086538
2 0.651442 0.457933 0.062500 0.021635
1 0.557692 0.722356 0.067308 0.084135
2 0.449519 0.736779 0.057692 0.060096
