4 0.141827 0.324519 0.149038 0.149038
1 0.108173 0.033654 0.067308 0.067308
3 0.457933 0.383413 0.180288 0.185096
3 0.562500 0.064904 0.134615 0.129808
4 0.061298 0.569712 0.122596 0.062500
0 0.599760 0.926683 0.266827 0.141827
5 0.765625 0.817308 0.382212 0.360577
4 0.665865 0.727163 0.043269 0.045673
1 0.641827 0.729567 0.052885 0.055288
2 0.606971 0.757212 0.055288 0.057692
1 0.674279 0.687500 0.060096 0.062500
4 0.686298 0.643029 0.055288 0.055288
1 0.719952 0.647837 0.045673 0.045673
1 0.692308 0.618990 0.038462 0.036058
1 0.692308 0.602163 0.038462 0.040865
4 0.620192 0.705529 0.043269 0.045673
1 0.638221 0.663462 0.036058 0.038462
1 0.662260 0.591346 0.036058 0.038462
1 0.751202 0.544471 0.045673 0.012019
1 0.727163 0.554087 0.031250 0.031250
1 0.697115 0.575721 0.038462 0.040865
2 0.716346 0.544471 0.028846 0.012019
1 0.704327 0.555288 0.033654 0.033654
