1 0.216346 0.473558 0.072115 0.024038
5 0.163462 0.432692 0.076923 0.076923
1 0.234375 0.427885 0.074519 0.072115
1 0.338942 0.450721 0.086538 0.069712
1 0.227163 0.313702 0.103365 0.103365
1 0.224760 0.070913 0.156250 0.141827
3 0.637019 0.331731 0.081731 0.076923
4 0.610577 0.233173 0.086538 0.081731
1 0.486779 0.207933 0.055288 0.069712
4 0.542067 0.216346 0.069712 0.067308
1 0.594952 0.287260 0.064904 0.064904
1 0.558894 0.252404 0.069712 0.067308
4 0.534856 0.272837 0.064904 0.060096
4 0.497596 0.243990 0.072115 0.069712
1 0.473558 0.252404 0.028846 0.043269
1 0.106971 0.715144 0.040865 0.040865
1 0.060096 0.683894 0.038462 0.036058
1 0.617788 0.985577 0.081731 0.024038
1 0.560096 0.990385 0.072115 0.014423
