1 0.396635 0.385817 0.038462 0.045673
1 0.435096 0.375000 0.038462 0.043269
1 0.240385 0.354567 0.052885 0.050481
1 0.337740 0.330529 0.045673 0.050481
4 0.399038 0.322115 0.057692 0.081731
1 0.268029 0.306490 0.050481 0.050481
3 0.289663 0.272837 0.064904 0.064904
3 0.372596 0.251202 0.052885 0.064904
1 0.513221 0.495192 0.007212 0.019231
1 0.396635 0.451923 0.033654 0.028846
1 0.468750 0.449519 0.024038 0.033654
1 0.337740 0.412260 0.036058 0.031250
1 0.561298 0.445913 0.084135 0.108173
3 0.848558 0.411058 0.105769 0.067308
1 0.709135 0.371394 0.072115 0.074519
1 0.634615 0.356971 0.067308 0.079327
5 0.307692 0.895433 0.052885 0.050481
1 0.055288 0.950721 0.038462 0.040865
1 0.427885 0.824519 0.076923 0.057692
0 0.183894 0.973558 0.055288 0.048077
5 0.242788 0.941106 0.067308 0.045673
1 0.099760 0.992788 0.031250 0.009615
1 0.141827 0.978365 0.033654 0.028846
1 0.675481 0.787260 0.100962 0.088942
1 0.984375 0.992788 0.016827 0.009615
1 0.971154 0.977163 0.009615 0.012019
1 0.984375 0.959135 0.016827 0.028846
1 0.956731 0.950721 0.014423 0.016827
1 0.989183 0.908654 0.016827 0.033654
