3 0.252404 0.265625 0.187500 0.185096
1 0.378606 0.627404 0.036058 0.110577
5 0.282452 0.867788 0.132212 0.134615
1 0.348558 0.657452 0.096154 0.108173
2 0.344952 0.778846 0.103365 0.115385
1 0.278846 0.959135 0.043269 0.043269
1 0.362981 0.968750 0.067308 0.057692
1 0.376202 0.544471 0.040865 0.103365
5 0.338942 0.550481 0.115385 0.158654
1 0.155048 0.620192 0.103365 0.105769
1 0.216346 0.987981 0.043269 0.019231
1 0.903846 0.890625 0.048077 0.045673
1 0.975962 0.653846 0.043269 0.091346
1 0.893029 0.985577 0.031250 0.024038
