1 0.049279 0.034856 0.098558 0.069712
4 0.171875 0.234375 0.079327 0.084135
1 0.298077 0.305288 0.062500 0.062500
1 0.329327 0.193510 0.048077 0.050481
5 0.373798 0.356971 0.036058 0.036058
1 0.403846 0.314904 0.028846 0.028846
1 0.467548 0.358173 0.021635 0.024038
1 0.406250 0.403846 0.038462 0.033654
1 0.444712 0.391827 0.028846 0.024038
1 0.403846 0.262019 0.043269 0.048077
4 0.532452 0.076923 0.088942 0.153846
4 0.706731 0.100962 0.125000 0.129808
4 0.766827 0.417067 0.100962 0.103365
3 0.722356 0.212740 0.122596 0.127404
2 0.893029 0.311298 0.088942 0.088942
2 0.891827 0.242788 0.076923 0.076923
1 0.992788 0.332933 0.009615 0.036058
1 0.424279 0.604567 0.064904 0.069712
6 0.742788 0.674279 0.225962 0.209135
