1 0.057692 0.141827 0.115385 0.230769
5 0.069712 0.348558 0.139423 0.153846
4 0.206731 0.301683 0.129808 0.141827
1 0.195913 0.429087 0.112981 0.117788
4 0.054087 0.513221 0.108173 0.103365
1 0.311298 0.508413 0.069712 0.074519
1 0.356971 0.555288 0.064904 0.067308
1 0.399038 0.570913 0.048077 0.050481
1 0.425481 0.584135 0.052885 0.024038
1 0.979567 0.427885 0.031250 0.033654
4 0.638221 0.409856 0.112981 0.103365
4 0.628606 0.117788 0.180288 0.134615
1 0.990385 0.593750 0.014423 0.004808
1 0.995192 0.584135 0.004808 0.019231
4 0.969952 0.575721 0.016827 0.016827
1 0.955529 0.560096 0.012019 0.014423
1 0.966346 0.542067 0.019231 0.031250
1 0.938702 0.537260 0.016827 0.021635
4 0.966346 0.487981 0.024038 0.033654
5 0.337740 0.711538 0.271635 0.216346
1 0.064904 0.629808 0.129808 0.062500
1 0.026442 0.665865 0.052885 0.134615
5 0.197115 0.745192 0.278846 0.264423
4 0.402644 0.805288 0.098558 0.076923
4 0.498798 0.820913 0.074519 0.084135
5 0.360577 0.872596 0.076923 0.052885
4 0.617788 0.771635 0.129808 0.125000
5 0.811298 0.893029 0.064904 0.079327
4 0.730769 0.854567 0.129808 0.146635
1 0.909856 0.973558 0.045673 0.048077
