3 0.465144 0.216346 0.146635 0.149038
3 0.313702 0.217548 0.199519 0.199519
4 0.278846 0.064904 0.163462 0.129808
1 0.375000 0.030048 0.125000 0.060096
0 0.723558 0.259615 0.269231 0.115385
2 0.644231 0.109375 0.110577 0.175481
4 0.368990 0.455529 0.064904 0.064904
1 0.412260 0.514423 0.055288 0.052885
4 0.373798 0.515625 0.060096 0.060096
2 0.365385 0.557692 0.076923 0.076923
4 0.176683 0.455529 0.079327 0.079327
3 0.159856 0.534856 0.098558 0.098558
4 0.306490 0.727163 0.108173 0.108173
3 0.056490 0.912260 0.112981 0.170673
1 0.568510 0.544471 0.021635 0.021635
1 0.578125 0.560096 0.016827 0.024038
1 0.579327 0.570913 0.014423 0.021635
1 0.557692 0.557692 0.033654 0.033654
1 0.544471 0.546875 0.026442 0.026442
2 0.469952 0.513221 0.031250 0.031250
4 0.492788 0.542067 0.038462 0.036058
4 0.504808 0.551683 0.038462 0.036058
2 0.972356 0.533654 0.050481 0.072115
1 0.909856 0.518029 0.074519 0.074519
1 0.842548 0.492788 0.098558 0.100962
1 0.742788 0.469952 0.105769 0.103365
1 0.800481 0.537260 0.096154 0.093750
1 0.633413 0.393029 0.088942 0.122596
1 0.633413 0.448317 0.088942 0.122596
1 0.680288 0.588942 0.134615 0.129808
2 0.852163 0.861779 0.290865 0.271635
1 0.849760 0.935096 0.262019 0.125000
2 0.766827 0.961538 0.293269 0.072115
