1 0.008413 0.584135 0.016827 0.072115
1 0.062500 0.570913 0.081731 0.079327
4 0.116587 0.682692 0.069712 0.076923
1 0.033654 0.514423 0.062500 0.062500
1 0.086538 0.527644 0.076923 0.074519
5 0.132212 0.591346 0.086538 0.086538
1 0.181490 0.716346 0.084135 0.038462
1 0.034856 0.612981 0.069712 0.081731
3 0.201923 0.250000 0.144231 0.139423
3 0.233173 0.379808 0.187500 0.182692
4 0.835337 0.674279 0.137019 0.122596
0 0.591346 0.567308 0.206731 0.201923
1 0.459135 0.468750 0.024038 0.052885
4 0.503606 0.522837 0.060096 0.060096
1 0.468750 0.508413 0.038462 0.060096
1 0.262019 0.968750 0.182692 0.057692
