3 0.466346 0.067308 0.100962 0.134615
1 0.242788 0.118990 0.158654 0.141827
4 0.281250 0.210337 0.177885 0.161058
1 0.055288 0.370192 0.110577 0.091346
1 0.783654 0.391827 0.149038 0.048077
3 0.675481 0.352163 0.115385 0.112981
2 0.770433 0.314904 0.108173 0.096154
2 0.824519 0.274038 0.120192 0.096154
2 0.921875 0.385817 0.151442 0.060096
2 0.929087 0.331731 0.132212 0.110577
1 0.953125 0.231971 0.088942 0.064904
3 0.606971 0.278846 0.093750 0.076923
1 0.656250 0.219952 0.105769 0.084135
3 0.718750 0.173077 0.158654 0.149038
3 0.555288 0.223558 0.076923 0.076923
3 0.586538 0.176683 0.076923 0.074519
1 0.537260 0.140625 0.040865 0.069712
3 0.550481 0.105769 0.052885 0.043269
3 0.599760 0.092548 0.055288 0.040865
6 0.219952 0.584135 0.074519 0.086538
4 0.420673 0.689904 0.110577 0.072115
5 0.408654 0.649038 0.115385 0.105769
4 0.472356 0.626202 0.064904 0.069712
5 0.381010 0.729567 0.228365 0.223558
1 0.174279 0.543269 0.050481 0.057692
1 0.126202 0.496394 0.055288 0.069712
1 0.099760 0.477163 0.031250 0.045673
1 0.074519 0.457933 0.038462 0.040865
