4 0.317308 0.295673 0.120192 0.197115
1 0.346154 0.209135 0.062500 0.105769
1 0.213942 0.262019 0.144231 0.134615
1 0.248798 0.231971 0.060096 0.055288
1 0.080529 0.194712 0.074519 0.067308
1 0.055288 0.168269 0.028846 0.024038
1 0.031250 0.155048 0.028846 0.026442
1 0.162260 0.230769 0.036058 0.024038
2 0.691106 0.475962 0.103365 0.096154
2 0.572115 0.439904 0.086538 0.076923
1 0.393029 0.390625 0.026442 0.050481
1 0.121394 0.847356 0.040865 0.040865
1 0.362981 0.835337 0.028846 0.088942
1 0.521635 0.778846 0.105769 0.115385
5 0.456731 0.734375 0.081731 0.079327
5 0.484375 0.693510 0.108173 0.108173
4 0.420673 0.657452 0.081731 0.098558
1 0.387019 0.682692 0.014423 0.062500
