4 0.100962 0.037260 0.096154 0.074519
5 0.331731 0.265625 0.389423 0.439904
4 0.454327 0.336538 0.144231 0.298077
2 0.609375 0.070913 0.093750 0.093750
4 0.736779 0.150240 0.156250 0.156250
1 0.155048 0.614183 0.050481 0.050481
5 0.111779 0.551683 0.069712 0.069712
1 0.270433 0.544471 0.060096 0.055288
5 0.355769 0.913462 0.341346 0.168269
5 0.259615 0.667067 0.072115 0.069712
1 0.228365 0.493990 0.033654 0.012019
1 0.139423 0.510817 0.019231 0.021635
1 0.165865 0.496394 0.028846 0.016827
5 0.784856 0.663462 0.257212 0.240385
