1 0.003606 0.356971 0.007212 0.045673
1 0.096154 0.360577 0.033654 0.033654
3 0.066106 0.307692 0.021635 0.024038
4 0.050481 0.326923 0.024038 0.028846
1 0.039663 0.293269 0.016827 0.019231
1 0.021635 0.300481 0.019231 0.024038
4 0.007212 0.293269 0.014423 0.019231
1 0.015625 0.269231 0.016827 0.014423
3 0.757212 0.431490 0.192308 0.132212
4 0.883413 0.456731 0.204327 0.081731
4 0.963942 0.312500 0.067308 0.120192
0 0.352163 0.618990 0.252404 0.237981
4 0.816106 0.716346 0.199519 0.129808
1 0.937500 0.667067 0.120192 0.098558
1 0.959135 0.598558 0.076923 0.072115
