1 0.247596 0.521635 0.028846 0.009615
1 0.173077 0.513221 0.038462 0.026442
2 0.242788 0.513221 0.024038 0.026442
1 0.278846 0.497596 0.043269 0.052885
1 0.215144 0.490385 0.040865 0.033654
3 0.141827 0.493990 0.048077 0.055288
4 0.205529 0.469952 0.050481 0.055288
3 0.265625 0.450721 0.050481 0.060096
1 0.265625 0.356971 0.108173 0.079327
3 0.352163 0.272837 0.141827 0.117788
4 0.390625 0.066106 0.305288 0.132212
2 0.884615 0.293269 0.052885 0.057692
3 0.937500 0.218750 0.052885 0.081731
1 0.465144 0.760817 0.156250 0.228365
1 0.448317 0.942308 0.146635 0.110577
1 0.375000 0.908654 0.134615 0.144231
5 0.759615 0.864183 0.134615 0.146635
0 0.626202 0.807692 0.156250 0.375000
