0 0.243990 0.568510 0.213942 0.209135
1 0.461538 0.625000 0.048077 0.105769
2 0.301683 0.453125 0.141827 0.127404
4 0.080529 0.318510 0.156250 0.156250
0 0.387019 0.413462 0.149038 0.163462
4 0.121394 0.173077 0.218750 0.230769
2 0.293269 0.197115 0.177885 0.221154
3 0.879808 0.250000 0.235577 0.283654
4 0.914663 0.756010 0.165865 0.112981
0 0.724760 0.768029 0.161058 0.137019
1 0.743990 0.864183 0.108173 0.098558
3 0.567308 0.782452 0.100962 0.093750
1 0.503606 0.820913 0.031250 0.122596
3 0.941106 0.843750 0.098558 0.110577
3 0.742788 0.760817 0.504808 0.122596
