1 0.006010 0.061298 0.012019 0.016827
1 0.009615 0.075721 0.014423 0.012019
1 0.010817 0.066106 0.012019 0.012019
1 0.025240 0.084135 0.016827 0.014423
1 0.019231 0.069712 0.009615 0.009615
1 0.038462 0.093750 0.014423 0.014423
1 0.006010 0.014423 0.012019 0.009615
1 0.062500 0.114183 0.019231 0.016827
1 0.015625 0.020433 0.021635 0.016827
1 0.068510 0.106971 0.021635 0.021635
1 0.085337 0.132212 0.021635 0.019231
1 0.090144 0.123798 0.021635 0.021635
1 0.104567 0.147837 0.031250 0.031250
1 0.133413 0.174279 0.031250 0.026442
1 0.067308 0.036058 0.024038 0.024038
1 0.120192 0.141827 0.028846 0.028846
1 0.156250 0.187500 0.024038 0.024038
2 0.182692 0.212740 0.043269 0.040865
2 0.174279 0.183894 0.045673 0.040865
2 0.243990 0.292067 0.103365 0.103365
1 0.217548 0.222356 0.050481 0.045673
1 0.245192 0.233173 0.062500 0.057692
1 0.292067 0.348558 0.026442 0.086538
1 0.239183 0.181490 0.040865 0.036058
2 0.276442 0.264423 0.057692 0.072115
1 0.270433 0.188702 0.064904 0.069712
1 0.295673 0.221154 0.019231 0.076923
1 0.268029 0.050481 0.026442 0.024038
4 0.532452 0.290865 0.093750 0.100962
2 0.503606 0.195913 0.093750 0.093750
5 0.631010 0.362981 0.276442 0.125000
1 0.411058 0.203125 0.072115 0.079327
1 0.322115 0.084135 0.028846 0.062500
1 0.365385 0.125000 0.072115 0.076923
1 0.337740 0.149038 0.050481 0.052885
1 0.314904 0.115385 0.019231 0.052885
3 0.748798 0.093750 0.209135 0.187500
1 0.268029 0.918269 0.064904 0.057692
2 0.486779 0.894231 0.079327 0.081731
1 0.438702 0.772837 0.069712 0.069712
2 0.533654 0.893029 0.100962 0.098558
1 0.497596 0.822115 0.072115 0.072115
2 0.591346 0.945913 0.086538 0.088942
1 0.377404 0.457933 0.139423 0.060096
1 0.745192 0.816106 0.115385 0.151442
1 0.474760 0.975962 0.055288 0.043269
1 0.480769 0.937500 0.057692 0.057692
