1 0.286058 0.453125 0.038462 0.040865
1 0.364183 0.441106 0.040865 0.036058
5 0.350962 0.419471 0.048077 0.040865
4 0.457933 0.397837 0.055288 0.050481
4 0.623798 0.371394 0.069712 0.060096
3 0.566106 0.349760 0.069712 0.055288
1 0.463942 0.342548 0.057692 0.064904
3 0.536058 0.185096 0.110577 0.158654
1 0.251202 0.468750 0.031250 0.033654
4 0.700721 0.445913 0.021635 0.088942
1 0.984375 0.453125 0.026442 0.088942
4 0.844952 0.282452 0.137019 0.127404
4 0.969952 0.135817 0.055288 0.175481
3 0.444712 0.867788 0.100962 0.096154
4 0.581731 0.765625 0.134615 0.127404
