4 0.115385 0.456731 0.168269 0.197115
3 0.346154 0.266827 0.264423 0.283654
1 0.604567 0.173077 0.031250 0.149038
4 0.620192 0.237981 0.062500 0.125000
5 0.653846 0.298077 0.129808 0.163462
4 0.729567 0.388221 0.194712 0.189904
6 0.495192 0.846154 0.182692 0.211538
1 0.501202 0.685096 0.170673 0.192308
4 0.424279 0.641827 0.170673 0.105769
4 0.331731 0.790865 0.173077 0.177885
1 0.317308 0.930288 0.144231 0.134615
1 0.221154 0.955529 0.120192 0.084135
1 0.193510 0.889423 0.141827 0.139423
1 0.070913 0.959135 0.093750 0.076923
1 0.164663 0.810096 0.108173 0.120192
1 0.102163 0.866587 0.069712 0.079327
1 0.049279 0.919471 0.074519 0.079327
1 0.015625 0.959135 0.031250 0.057692
1 0.290865 0.709135 0.125000 0.139423
1 0.606971 0.907452 0.040865 0.141827
3 0.669471 0.841346 0.161058 0.163462
1 0.893029 0.763221 0.209135 0.348558
