1 0.474760 0.228365 0.040865 0.052885
3 0.302885 0.080529 0.100962 0.103365
1 0.401442 0.141827 0.057692 0.062500
1 0.394231 0.270433 0.096154 0.093750
1 0.484375 0.191106 0.026442 0.045673
1 0.459135 0.164663 0.057692 0.060096
1 0.487981 0.174279 0.019231 0.036058
4 0.480769 0.150240 0.033654 0.045673
1 0.323317 0.054087 0.079327 0.084135
1 0.278846 0.028846 0.081731 0.057692
4 0.396635 0.102163 0.076923 0.079327
1 0.436298 0.132212 0.050481 0.052885
4 0.658654 0.304087 0.139423 0.141827
4 0.806490 0.586538 0.112981 0.100962
3 0.705529 0.408654 0.137019 0.139423
1 0.897837 0.455529 0.098558 0.098558
4 0.876202 0.388221 0.084135 0.084135
4 0.271635 0.663462 0.096154 0.048077
1 0.342548 0.677885 0.074519 0.076923
