1 0.941106 0.103365 0.036058 0.033654
4 0.912260 0.445913 0.098558 0.103365
6 0.817308 0.155048 0.052885 0.045673
5 0.276442 0.923077 0.052885 0.052885
1 0.467548 0.760817 0.026442 0.026442
1 0.074519 0.977163 0.100962 0.040865
4 0.187500 0.963942 0.072115 0.052885
1 0.396635 0.879808 0.033654 0.043269
1 0.415865 0.838942 0.033654 0.038462
1 0.371394 0.919471 0.040865 0.045673
4 0.334135 0.963942 0.067308 0.067308
4 0.336538 0.872596 0.052885 0.052885
1 0.382212 0.812500 0.028846 0.038462
1 0.405048 0.784856 0.026442 0.031250
1 0.447115 0.781250 0.024038 0.033654
1 0.437500 0.805288 0.028846 0.043269
