2 0.316106 0.112981 0.098558 0.110577
6 0.293269 0.296875 0.240385 0.218750
3 0.137019 0.163462 0.192308 0.187500
1 0.193510 0.034856 0.141827 0.069712
1 0.405048 0.026442 0.064904 0.052885
5 0.188702 0.300481 0.194712 0.216346
2 0.264423 0.061298 0.125000 0.122596
1 0.330529 0.010817 0.088942 0.021635
1 0.094952 0.359375 0.189904 0.132212
2 0.794471 0.061298 0.079327 0.079327
1 0.449519 0.614183 0.052885 0.050481
4 0.403846 0.633413 0.072115 0.069712
4 0.420673 0.788462 0.067308 0.072115
3 0.161058 0.841346 0.158654 0.134615
4 0.572115 0.578125 0.149038 0.300481
3 0.685096 0.846154 0.259615 0.230769
