1 0.022837 0.281250 0.045673 0.072115
4 0.286058 0.057692 0.134615 0.115385
3 0.055288 0.031250 0.110577 0.062500
1 0.840144 0.019231 0.108173 0.038462
1 0.725962 0.010817 0.105769 0.021635
1 0.671875 0.170673 0.055288 0.057692
5 0.655048 0.262019 0.084135 0.096154
1 0.718750 0.311298 0.048077 0.012019
1 0.728365 0.312500 0.014423 0.009615
2 0.451923 0.942308 0.086538 0.067308
2 0.495192 0.942308 0.100962 0.091346
4 0.397837 0.855769 0.141827 0.129808
1 0.641827 0.954327 0.072115 0.086538
1 0.962740 0.846154 0.064904 0.067308
1 0.768029 0.981971 0.055288 0.026442
