1 0.099760 0.514423 0.132212 0.043269
1 0.149038 0.466346 0.125000 0.134615
1 0.090144 0.424279 0.103365 0.112981
1 0.134615 0.343750 0.110577 0.105769
1 0.201923 0.227163 0.091346 0.093750
4 0.162260 0.078125 0.069712 0.074519
1 0.055288 0.507212 0.110577 0.057692
2 0.156250 0.617788 0.139423 0.139423
1 0.228365 0.579327 0.125000 0.081731
1 0.156250 0.551683 0.096154 0.026442
2 0.700721 0.646635 0.127404 0.125000
2 0.563702 0.602163 0.050481 0.084135
4 0.856971 0.600962 0.161058 0.125000
1 0.825721 0.563702 0.151442 0.050481
2 0.606971 0.628606 0.112981 0.117788
