1 0.141827 0.165865 0.062500 0.062500
5 0.396635 0.070913 0.192308 0.141827
1 0.139423 0.100962 0.086538 0.081731
1 0.223558 0.034856 0.100962 0.069712
5 0.439904 0.860577 0.076923 0.091346
3 0.552885 0.841346 0.062500 0.081731
2 0.585337 0.881010 0.060096 0.079327
2 0.552885 0.932692 0.052885 0.067308
4 0.614183 0.918269 0.045673 0.062500
1 0.629808 0.943510 0.014423 0.055288
2 0.600962 0.967548 0.043269 0.050481
1 0.622596 0.979567 0.028846 0.036058
4 0.328125 0.926683 0.074519 0.074519
4 0.519231 0.991587 0.043269 0.012019
3 0.854567 0.657452 0.069712 0.064904
1 0.968750 0.649038 0.057692 0.081731
1 0.915865 0.665865 0.062500 0.062500
1 0.921875 0.698317 0.050481 0.050481
3 0.873798 0.757212 0.055288 0.052885
1 0.837740 0.746394 0.045673 0.040865
1 0.768029 0.866587 0.021635 0.021635
4 0.686298 0.948317 0.012019 0.016827
4 0.739183 0.929087 0.012019 0.012019
1 0.730769 0.917067 0.019231 0.026442
4 0.685096 0.919471 0.019231 0.021635
1 0.667067 0.834135 0.026442 0.033654
1 0.673077 0.868990 0.019231 0.026442
