1 0.281250 0.038462 0.129808 0.076923
4 0.890625 0.260817 0.122596 0.103365
2 0.905048 0.102163 0.093750 0.122596
1 0.546875 0.326923 0.276442 0.057692
4 0.763221 0.292067 0.237981 0.127404
2 0.937500 0.076923 0.120192 0.139423
1 0.968750 0.131010 0.057692 0.079327
2 0.854567 0.106971 0.266827 0.213942
4 0.328125 0.433894 0.069712 0.069712
1 0.353365 0.575721 0.048077 0.074519
3 0.165865 0.899038 0.197115 0.197115
2 0.365385 0.415865 0.024038 0.057692
1 0.461538 0.954327 0.163462 0.086538
4 0.562500 0.742788 0.187500 0.177885
4 0.623798 0.612981 0.132212 0.134615
3 0.687500 0.694712 0.115385 0.125000
1 0.741587 0.731971 0.117788 0.137019
4 0.631010 0.872596 0.165865 0.182692
4 0.718750 0.849760 0.134615 0.151442
1 0.823317 0.850962 0.084135 0.115385
1 0.675481 0.526442 0.096154 0.105769
1 0.745192 0.555288 0.105769 0.120192
3 0.806490 0.602163 0.180288 0.185096
5 0.711538 0.454327 0.091346 0.096154
1 0.768029 0.478365 0.088942 0.091346
5 0.781250 0.402644 0.081731 0.084135
1 0.823317 0.421875 0.055288 0.060096
1 0.849760 0.465144 0.050481 0.060096
1 0.876202 0.370192 0.045673 0.024038
