1 0.280048 0.088942 0.055288 0.052885
1 0.224760 0.078125 0.045673 0.045673
1 0.103365 0.044471 0.076923 0.079327
1 0.068510 0.075721 0.088942 0.084135
1 0.117788 0.121394 0.100962 0.093750
1 0.503606 0.139423 0.026442 0.024038
4 0.704327 0.074519 0.110577 0.115385
5 0.794471 0.103365 0.108173 0.110577
1 0.707933 0.024038 0.098558 0.048077
0 0.616587 0.043269 0.108173 0.086538
4 0.146635 0.622596 0.110577 0.115385
5 0.236779 0.651442 0.108173 0.110577
2 0.149038 0.544471 0.096154 0.098558
1 0.057692 0.573317 0.105769 0.117788
5 0.064904 0.509615 0.086538 0.091346
1 0.069712 0.463942 0.067308 0.072115
1 0.139423 0.489183 0.072115 0.079327
1 0.146635 0.455529 0.057692 0.060096
1 0.155048 0.420673 0.055288 0.057692
1 0.149038 0.401442 0.052885 0.043269
1 0.088942 0.429087 0.057692 0.060096
1 0.103365 0.400240 0.091346 0.040865
1 0.896635 0.582933 0.052885 0.055288
4 0.692308 0.402644 0.067308 0.045673
