2 0.355769 0.165865 0.057692 0.062500
1 0.405048 0.305288 0.040865 0.048077
1 0.245192 0.073317 0.072115 0.084135
1 0.417067 0.266827 0.016827 0.043269
2 0.199519 0.093750 0.100962 0.110577
2 0.318510 0.131010 0.060096 0.064904
1 0.115385 0.484375 0.182692 0.064904
1 0.909856 0.012019 0.132212 0.024038
1 0.777644 0.320913 0.209135 0.209135
1 0.834135 0.132212 0.163462 0.163462
1 0.323317 0.521635 0.036058 0.009615
1 0.759615 0.781250 0.067308 0.067308
4 0.721154 0.960337 0.072115 0.069712
1 0.721154 0.663462 0.062500 0.067308
1 0.877404 0.960337 0.038462 0.036058
1 0.979567 0.986779 0.021635 0.021635
1 0.909856 0.963942 0.026442 0.033654
