3 0.049279 0.463942 0.098558 0.096154
1 0.849760 0.383413 0.103365 0.108173
1 0.858173 0.292067 0.081731 0.088942
2 0.778846 0.223558 0.081731 0.081731
1 0.727163 0.109375 0.060096 0.060096
1 0.668269 0.161058 0.048077 0.048077
1 0.633413 0.106971 0.036058 0.045673
1 0.652644 0.088942 0.050481 0.043269
1 0.722356 0.224760 0.050481 0.060096
1 0.956731 0.432692 0.081731 0.182692
1 0.956731 0.516827 0.081731 0.129808
1 0.635817 0.682692 0.084135 0.062500
1 0.670673 0.757212 0.072115 0.081731
5 0.768029 0.745192 0.064904 0.067308
1 0.566106 0.682692 0.036058 0.057692
1 0.611779 0.802885 0.103365 0.201923
