1 0.247596 0.463942 0.033654 0.033654
1 0.180288 0.048077 0.125000 0.096154
1 0.085337 0.133413 0.098558 0.098558
1 0.173077 0.150240 0.091346 0.093750
1 0.179087 0.234375 0.064904 0.064904
1 0.125000 0.271635 0.072115 0.072115
1 0.111779 0.218750 0.084135 0.081731
1 0.176683 0.532452 0.021635 0.021635
1 0.781250 0.195913 0.048077 0.045673
1 0.558894 0.330529 0.026442 0.060096
1 0.776442 0.152644 0.081731 0.079327
1 0.812500 0.143029 0.067308 0.064904
1 0.493990 0.894231 0.031250 0.028846
1 0.423077 0.887019 0.048077 0.048077
1 0.457933 0.891827 0.040865 0.043269
1 0.305288 0.908654 0.062500 0.062500
1 0.402644 0.831731 0.064904 0.067308
1 0.346154 0.924279 0.048077 0.045673
4 0.432692 0.843750 0.043269 0.043269
1 0.534856 0.900240 0.016827 0.036058
1 0.507212 0.943510 0.024038 0.026442
1 0.484375 0.956731 0.026442 0.024038
1 0.350962 0.881010 0.062500 0.064904
1 0.379808 0.882212 0.048077 0.048077
1 0.731971 0.786058 0.209135 0.211538
1 0.885817 0.775240 0.117788 0.117788
1 0.972356 0.792067 0.050481 0.098558
1 0.972356 0.905048 0.050481 0.151442
