2 0.560096 0.328125 0.072115 0.055288
1 0.155048 0.032452 0.137019 0.064904
1 0.557692 0.002404 0.019231 0.004808
1 0.546875 0.010817 0.021635 0.021635
1 0.557692 0.039663 0.024038 0.021635
1 0.539663 0.134615 0.040865 0.038462
4 0.211538 0.506010 0.100962 0.098558
1 0.362981 0.509615 0.052885 0.048077
2 0.335337 0.555288 0.060096 0.057692
2 0.308894 0.588942 0.064904 0.062500
3 0.275240 0.637019 0.079327 0.076923
4 0.385817 0.600962 0.060096 0.057692
1 0.371394 0.643029 0.064904 0.060096
4 0.358173 0.691106 0.086538 0.084135
4 0.506010 0.688702 0.060096 0.060096
1 0.400240 0.564904 0.055288 0.052885
1 0.409856 0.525240 0.050481 0.045673
1 0.405048 0.443510 0.026442 0.026442
1 0.429087 0.469952 0.040865 0.040865
1 0.387019 0.414663 0.038462 0.036058
1 0.443510 0.429087 0.026442 0.026442
4 0.453125 0.407452 0.026442 0.026442
1 0.474760 0.437500 0.012019 0.014423
1 0.487981 0.447115 0.014423 0.014423
1 0.427885 0.390625 0.019231 0.021635
1 0.448317 0.384615 0.016827 0.019231
1 0.435096 0.381010 0.019231 0.021635
2 0.480769 0.389423 0.014423 0.014423
1 0.473558 0.406250 0.014423 0.014423
1 0.293269 0.502404 0.072115 0.067308
1 0.651442 0.508413 0.043269 0.103365
4 0.676683 0.459135 0.074519 0.076923
3 0.823317 0.784856 0.112981 0.122596
1 0.896635 0.876202 0.038462 0.031250
