5 0.814904 0.320913 0.091346 0.084135
1 0.195913 0.861779 0.098558 0.112981
3 0.395433 0.807692 0.084135 0.110577
5 0.277644 0.829327 0.098558 0.120192
1 0.248798 0.981971 0.064904 0.031250
1 0.626202 0.759615 0.040865 0.206731
4 0.447115 0.902644 0.057692 0.074519
1 0.266827 0.930288 0.062500 0.067308
1 0.316106 0.969952 0.060096 0.055288
1 0.044471 0.635817 0.088942 0.228365
1 0.050481 0.745192 0.100962 0.134615
1 0.554087 0.478365 0.185096 0.144231
1 0.170673 0.986779 0.076923 0.021635
1 0.841346 0.896635 0.254808 0.201923
