1 0.219952 0.008413 0.045673 0.016827
2 0.126202 0.040865 0.074519 0.067308
1 0.068510 0.066106 0.064904 0.055288
1 0.194712 0.024038 0.057692 0.048077
1 0.034856 0.109375 0.069712 0.064904
1 0.162260 0.062500 0.064904 0.057692
1 0.240385 0.042067 0.072115 0.084135
1 0.086538 0.100962 0.076923 0.062500
4 0.131010 0.106971 0.074519 0.069712
4 0.038462 0.280048 0.076923 0.112981
4 0.277644 0.198317 0.103365 0.112981
1 0.025240 0.445913 0.050481 0.180288
1 0.427885 0.474760 0.230769 0.122596
4 0.149038 0.010817 0.096154 0.021635
3 0.177885 0.013221 0.057692 0.026442
3 0.757212 0.152644 0.072115 0.069712
1 0.610577 0.317308 0.081731 0.100962
1 0.563702 0.234375 0.036058 0.069712
1 0.590144 0.195913 0.060096 0.060096
1 0.561298 0.171875 0.026442 0.050481
1 0.651442 0.126202 0.048077 0.045673
5 0.068510 0.893029 0.137019 0.209135
5 0.161058 0.671875 0.322115 0.266827
