1 0.174279 0.191106 0.036058 0.036058
1 0.149038 0.223558 0.033654 0.033654
1 0.165865 0.271635 0.033654 0.033654
1 0.126202 0.163462 0.045673 0.048077
1 0.108173 0.313702 0.028846 0.026442
1 0.256010 0.774038 0.045673 0.048077
4 0.296875 0.802885 0.055288 0.057692
2 0.212740 0.731971 0.069712 0.069712
4 0.215144 0.688702 0.069712 0.069712
2 0.270433 0.711538 0.069712 0.072115
1 0.325721 0.747596 0.069712 0.072115
1 0.015625 0.365385 0.031250 0.072115
1 0.230769 0.968750 0.014423 0.014423
1 0.216346 0.956731 0.014423 0.014423
1 0.224760 0.955529 0.016827 0.016827
1 0.201923 0.927885 0.019231 0.019231
1 0.248798 0.963942 0.012019 0.014423
1 0.221154 0.942308 0.014423 0.014423
1 0.243990 0.955529 0.016827 0.016827
1 0.259615 0.963942 0.014423 0.014423
1 0.242788 0.942308 0.014423 0.014423
1 0.259615 0.951923 0.024038 0.024038
1 0.205529 0.905048 0.026442 0.026442
1 0.242788 0.927885 0.024038 0.024038
1 0.260817 0.941106 0.026442 0.026442
1 0.176683 0.871394 0.031250 0.031250
1 0.222356 0.893029 0.031250 0.031250
1 0.205529 0.876202 0.026442 0.026442
1 0.264423 0.920673 0.019231 0.019231
1 0.191106 0.842548 0.026442 0.026442
1 0.268029 0.900240 0.031250 0.031250
1 0.217548 0.856971 0.026442 0.026442
1 0.245192 0.877404 0.033654 0.033654
1 0.213942 0.841346 0.024038 0.024038
1 0.272837 0.878606 0.036058 0.036058
1 0.219952 0.828125 0.026442 0.026442
1 0.216346 0.812500 0.033654 0.033654
1 0.213942 0.793269 0.043269 0.043269
1 0.283654 0.841346 0.043269 0.048077
1 0.212740 0.768029 0.050481 0.055288
1 0.408654 0.977163 0.081731 0.040865
4 0.513221 0.548077 0.228365 0.230769
