1 0.305288 0.201923 0.120192 0.120192
1 0.323317 0.016827 0.074519 0.033654
1 0.424279 0.020433 0.040865 0.040865
3 0.510817 0.049279 0.026442 0.026442
1 0.563702 0.069712 0.021635 0.033654
1 0.573317 0.179087 0.007212 0.036058
1 0.284856 0.490385 0.165865 0.163462
1 0.507212 0.524038 0.096154 0.096154
3 0.251202 0.453125 0.132212 0.108173
1 0.114183 0.907452 0.228365 0.180288
4 0.353365 0.782452 0.158654 0.161058
1 0.734375 0.782452 0.213942 0.213942
1 0.774038 0.407452 0.081731 0.016827
1 0.662260 0.837740 0.165865 0.300481
1 0.753606 0.581731 0.141827 0.139423
1 0.675481 0.544471 0.192308 0.262019
1 0.707933 0.419471 0.108173 0.040865
1 0.831731 0.901442 0.331731 0.187500
2 0.783654 0.508413 0.134615 0.137019
