1 0.100962 0.015625 0.033654 0.031250
1 0.117788 0.111779 0.052885 0.060096
1 0.126202 0.174279 0.040865 0.060096
1 0.121394 0.044471 0.036058 0.050481
1 0.153846 0.223558 0.048077 0.067308
1 0.147837 0.085337 0.045673 0.055288
1 0.153846 0.016827 0.072115 0.033654
1 0.164663 0.168269 0.045673 0.067308
1 0.183894 0.127404 0.055288 0.062500
1 0.294471 0.307692 0.045673 0.144231
1 0.290865 0.027644 0.052885 0.055288
1 0.049279 0.016827 0.031250 0.033654
1 0.057692 0.070913 0.081731 0.079327
1 0.074519 0.019231 0.038462 0.038462
1 0.092548 0.050481 0.040865 0.048077
5 0.622596 0.289663 0.072115 0.064904
1 0.729567 0.348558 0.084135 0.067308
5 0.711538 0.442308 0.091346 0.091346
1 0.673077 0.497596 0.072115 0.076923
2 0.612981 0.421875 0.076923 0.079327
5 0.570913 0.362981 0.050481 0.052885
1 0.560096 0.227163 0.048077 0.045673
1 0.496394 0.185096 0.036058 0.038462
1 0.020433 0.913462 0.040865 0.081731
1 0.570913 0.582933 0.050481 0.026442
1 0.635817 0.955529 0.060096 0.064904
4 0.829327 0.963942 0.125000 0.067308
1 0.675481 0.615385 0.086538 0.076923
1 0.897837 0.604567 0.199519 0.069712
1 0.520433 0.614183 0.156250 0.088942
