2 0.173077 0.276442 0.067308 0.187500
1 0.929087 0.316106 0.045673 0.045673
1 0.844952 0.259615 0.079327 0.076923
1 0.793269 0.222356 0.067308 0.064904
1 0.891827 0.310096 0.057692 0.057692
4 0.736779 0.206731 0.079327 0.076923
1 0.841346 0.300481 0.067308 0.067308
3 0.897837 0.358173 0.084135 0.086538
1 0.771635 0.251202 0.076923 0.074519
1 0.787260 0.295673 0.079327 0.081731
4 0.572115 0.260817 0.149038 0.141827
4 0.780048 0.468750 0.117788 0.120192
1 0.393029 0.289663 0.233173 0.228365
1 0.962740 0.275240 0.040865 0.040865
1 0.915865 0.242788 0.105769 0.105769
1 0.979567 0.307692 0.036058 0.043269
1 0.943510 0.294471 0.050481 0.050481
1 0.979567 0.332933 0.036058 0.040865
1 0.907452 0.282452 0.060096 0.060096
1 0.956731 0.326923 0.038462 0.038462
