4 0.258413 0.025240 0.021635 0.021635
1 0.349760 0.062500 0.026442 0.024038
1 0.245192 0.070913 0.019231 0.021635
4 0.245192 0.106971 0.019231 0.021635
1 0.229567 0.141827 0.016827 0.019231
1 0.854567 0.510817 0.098558 0.084135
1 0.606971 0.647837 0.040865 0.036058
1 0.649038 0.598558 0.043269 0.048077
1 0.743990 0.473558 0.084135 0.081731
1 0.700721 0.536058 0.084135 0.067308
1 0.620192 0.668269 0.048077 0.014423
1 0.812500 0.423077 0.091346 0.086538
1 0.652644 0.918269 0.055288 0.048077
1 0.496394 0.877404 0.031250 0.024038
1 0.763221 0.975962 0.074519 0.043269
5 0.703125 0.948317 0.064904 0.060096
1 0.456731 0.838942 0.019231 0.024038
1 0.588942 0.885817 0.033654 0.036058
1 0.618990 0.896635 0.040865 0.033654
