4 0.115385 0.234375 0.062500 0.069712
4 0.016827 0.199519 0.033654 0.038462
5 0.034856 0.212740 0.031250 0.026442
4 0.218750 0.242788 0.024038 0.024038
1 0.043269 0.133413 0.072115 0.079327
4 0.194712 0.170673 0.024038 0.028846
1 0.074519 0.090144 0.052885 0.040865
1 0.985577 0.516827 0.024038 0.057692
1 0.568510 0.810096 0.036058 0.038462
1 0.519231 0.925481 0.024038 0.028846
1 0.856971 0.610577 0.074519 0.067308
1 0.918269 0.689904 0.062500 0.048077
1 0.987981 0.675481 0.019231 0.048077
1 0.497596 0.972356 0.014423 0.012019
4 0.496394 0.986779 0.012019 0.012019
