1 0.361779 0.031250 0.151442 0.062500
1 0.219952 0.016827 0.117788 0.033654
1 0.272837 0.042067 0.098558 0.084135
1 0.334135 0.125000 0.100962 0.100962
1 0.264423 0.117788 0.086538 0.086538
1 0.219952 0.062500 0.084135 0.086538
1 0.161058 0.044471 0.072115 0.074519
1 0.222356 0.131010 0.064904 0.064904
1 0.264423 0.176683 0.072115 0.074519
1 0.224760 0.173077 0.088942 0.091346
1 0.312500 0.213942 0.067308 0.067308
1 0.296875 0.262019 0.060096 0.057692
1 0.156250 0.274038 0.033654 0.033654
1 0.855769 0.009615 0.052885 0.019231
1 0.856971 0.064904 0.045673 0.043269
1 0.881010 0.044471 0.036058 0.036058
1 0.811298 0.152644 0.026442 0.026442
5 0.051683 0.930288 0.103365 0.134615
4 0.145433 0.966346 0.074519 0.062500
1 0.098558 0.932692 0.062500 0.062500
1 0.322115 0.604567 0.264423 0.112981
4 0.243990 0.677885 0.204327 0.211538
1 0.522837 0.830529 0.060096 0.334135
1 0.126202 0.989183 0.060096 0.016827
1 0.079327 0.972356 0.062500 0.050481
