1 0.194712 0.033654 0.062500 0.067308
1 0.686298 0.205529 0.084135 0.060096
1 0.680288 0.137019 0.062500 0.052885
1 0.528846 0.073317 0.043269 0.040865
2 0.521635 0.020433 0.052885 0.040865
3 0.388221 0.457933 0.064904 0.055288
3 0.286058 0.508413 0.086538 0.084135
1 0.471154 0.408654 0.009615 0.048077
4 0.959135 0.897837 0.076923 0.199519
4 0.882212 0.597356 0.120192 0.112981
3 0.775240 0.620192 0.122596 0.129808
1 0.843750 0.468750 0.081731 0.076923
3 0.762019 0.400240 0.072115 0.069712
1 0.885817 0.401442 0.084135 0.072115
3 0.615385 0.400240 0.057692 0.060096
1 0.770433 0.314904 0.055288 0.043269
5 0.664663 0.250000 0.040865 0.024038
